chain	DiscrepancyPercent	e	o	p	t	v	w	z
e	0.093977553	1	0	0	0	0	0	0
ee	0.212257775	2	0	0	0	0	0	0
eee	0.1737433	3	0	0	0	0	0	0
eeee	0.300671182	4	0	0	0	0	0	0
eeeee	0.369393253	5	0	0	0	0	0	0
eeeeo	0.116815024	4	1	0	0	0	0	0
eeeep	0.177868552	4	0	1	0	0	0	0
eeeet	0.46976841	4	0	0	1	0	0	0
eeeo	0.212691734	3	1	0	0	0	0	0
eeeoe	0.33956401	4	1	0	0	0	0	0
eeep	0.213187076	3	0	1	0	0	0	0
eeepe	0.313596311	4	0	1	0	0	0	0
eeepp	0.357807183	3	0	2	0	0	0	0
eeept	0.115464075	3	0	1	1	0	0	0
eeet	0.329195893	3	0	0	1	0	0	0
eeete	0.213720591	4	0	0	1	0	0	0
eeo	0.163978654	2	1	0	0	0	0	0
eeoe	0.167218937	3	1	0	0	0	0	0
eeooe	0.333218384	3	2	0	0	0	0	0
eeooo	0.082997199	2	3	0	0	0	0	0
eeop	0.237945966	2	1	1	0	0	0	0
eeope	0.198782988	3	1	1	0	0	0	0
eep	0.254339277	2	0	1	0	0	0	0
eepe	0.205739338	3	0	1	0	0	0	0
eepee	0.193897865	4	0	1	0	0	0	0
eepo	0.090934896	2	1	1	0	0	0	0
eepoe	0.10226736	3	1	1	0	0	0	0
eepot	0.214647827	2	1	1	1	0	0	0
eeppe	0.230420759	3	0	2	0	0	0	0
eeppp	0.202059915	2	0	3	0	0	0	0
eepte	0.20983476	3	0	1	1	0	0	0
eeptt	0.1387569	2	0	1	2	0	0	0
eet	0.12557216	2	0	0	1	0	0	0
eete	0.245479607	3	0	0	1	0	0	0
eeto	0.221638673	2	1	0	1	0	0	0
eetoe	0.131855103	3	1	0	1	0	0	0
eetp	0.176635959	2	0	1	1	0	0	0
eetpe	0.098630762	3	0	1	1	0	0	0
eette	0.446416968	3	0	0	2	0	0	0
eoe	0.263577924	2	1	0	0	0	0	0
eoee	0.109595122	3	1	0	0	0	0	0
eoeee	0.212409388	4	1	0	0	0	0	0
eoet	0.221146328	2	1	0	1	0	0	0
eoo	0.349377314	1	2	0	0	0	0	0
eooe	0.530455228	2	2	0	0	0	0	0
eooee	0.125412917	3	2	0	0	0	0	0
eoooe	0.252120009	2	3	0	0	0	0	0
eooot	0.209202251	1	3	0	1	0	0	0
eoop	0.080428438	1	2	1	0	0	0	0
eoope	0.205263074	2	2	1	0	0	0	0
eoote	0.094712377	2	2	0	1	0	0	0
eop	0.024322245	1	1	1	0	0	0	0
eope	0.211558601	2	1	1	0	0	0	0
eopeo	0.178721817	2	2	1	0	0	0	0
eopt	0.244895819	1	1	1	1	0	0	0
eot	0.154297351	1	1	0	1	0	0	0
eote	0.258050767	2	1	0	1	0	0	0
eotp	0.055532855	1	1	1	1	0	0	0
eott	0.218071739	1	1	0	2	0	0	0
eottt	0.076814326	1	1	0	3	0	0	0
ep	0.096916414	1	0	1	0	0	0	0
epe	0.301097782	2	0	1	0	0	0	0
epee	0.325128889	3	0	1	0	0	0	0
epeee	0.132502533	4	0	1	0	0	0	0
epep	0.3808663	2	0	2	0	0	0	0
epet	0.281981719	2	0	1	1	0	0	0
epete	0.110225184	3	0	1	1	0	0	0
epo	0.076649571	1	1	1	0	0	0	0
epoe	0.239042818	2	1	1	0	0	0	0
epoep	0.182736519	2	1	2	0	0	0	0
epoo	0.129139496	1	2	1	0	0	0	0
epope	0.428912571	2	1	2	0	0	0	0
epot	0.120407702	1	1	1	1	0	0	0
epp	0.156310789	1	0	2	0	0	0	0
eppe	0.191867687	2	0	2	0	0	0	0
eppee	0.227785974	3	0	2	0	0	0	0
eppo	0.14172484	1	1	2	0	0	0	0
eppp	0.117230444	1	0	3	0	0	0	0
epppe	0.315352113	2	0	3	0	0	0	0
epppp	0.062980071	1	0	4	0	0	0	0
eppte	0.1804567	2	0	2	1	0	0	0
epte	0.190871717	2	0	1	1	0	0	0
eptee	0.253740836	3	0	1	1	0	0	0
eptep	0.288315538	2	0	2	1	0	0	0
epto	0.083765587	1	1	1	1	0	0	0
eptte	0.145772595	2	0	1	2	0	0	0
ete	0.296376018	2	0	0	1	0	0	0
etee	0.128508665	3	0	0	1	0	0	0
eteee	0.295054431	4	0	0	1	0	0	0
eteet	0.112880997	3	0	0	2	0	0	0
etet	0.321553808	2	0	0	2	0	0	0
etoet	0.257509848	2	1	0	2	0	0	0
etop	0.076085227	1	1	1	1	0	0	0
etp	0.086047635	1	0	1	1	0	0	0
etpe	0.144196425	2	0	1	1	0	0	0
etpet	0.319054002	2	0	1	2	0	0	0
etpo	0.109755464	1	1	1	1	0	0	0
etpoe	0.202702405	2	1	1	1	0	0	0
ett	0.136217276	1	0	0	2	0	0	0
ette	0.270161025	2	0	0	2	0	0	0
ettee	0.267042458	3	0	0	2	0	0	0
ettoe	0.1371807	2	1	0	2	0	0	0
ettt	0.038539595	1	0	0	3	0	0	0
ez	-0.030388452	1	0	0	0	0	0	1
l	0.347371875	0	0	0	0	0	0	0
o	0.074406742	0	1	0	0	0	0	0
oee	0.383782887	2	1	0	0	0	0	0
oeee	0.372508517	3	1	0	0	0	0	0
oeeee	0.128539032	4	1	0	0	0	0	0
oeeo	0.399095053	2	2	0	0	0	0	0
oeeoe	0.433798528	3	2	0	0	0	0	0
oeep	0.12763895	2	1	1	0	0	0	0
oeet	0.144859283	2	1	0	1	0	0	0
oeo	0.254320017	1	2	0	0	0	0	0
oeoe	0.218848838	2	2	0	0	0	0	0
oeoee	0.393706135	3	2	0	0	0	0	0
oeooe	0.473513464	2	3	0	0	0	0	0
oeope	0.09974022	2	2	1	0	0	0	0
oep	0.098463326	1	1	1	0	0	0	0
oepe	0.345419469	2	1	1	0	0	0	0
oepo	0.084568918	1	2	1	0	0	0	0
oepoe	0.172129772	2	2	1	0	0	0	0
oet	0.095607864	1	1	0	1	0	0	0
oete	0.136333539	2	1	0	1	0	0	0
oett	0.216479821	1	1	0	2	0	0	0
oo	0.123187462	0	2	0	0	0	0	0
ooe	0.437777043	1	2	0	0	0	0	0
ooee	0.192194056	2	2	0	0	0	0	0
ooeee	0.389128878	3	2	0	0	0	0	0
ooeoe	0.399858691	2	3	0	0	0	0	0
ooete	0.285449634	2	2	0	1	0	0	0
ooo	0.108765401	0	3	0	0	0	0	0
oooe	0.136532084	1	3	0	0	0	0	0
oooet	0.196845426	1	3	0	1	0	0	0
oooo	0.175615018	0	4	0	0	0	0	0
ooooe	0.811730404	1	4	0	0	0	0	0
ooooo	0.156393208	0	5	0	0	0	0	0
oooop	0.228973093	0	4	1	0	0	0	0
ooop	0.152929239	0	3	1	0	0	0	0
ooope	0.074549842	1	3	1	0	0	0	0
ooopo	0.209786433	0	4	1	0	0	0	0
ooopp	0.094204361	0	3	2	0	0	0	0
ooot	0.160214024	0	3	0	1	0	0	0
oooto	0.16510124	0	4	0	1	0	0	0
oootp	0.087747193	0	3	1	1	0	0	0
ooott	0.100812995	0	3	0	2	0	0	0
oop	0.154174506	0	2	1	0	0	0	0
oope	0.175734406	1	2	1	0	0	0	0
oopo	0.075007368	0	3	1	0	0	0	0
oopoo	0.207846085	0	4	1	0	0	0	0
oopop	0.20545086	0	3	2	0	0	0	0
oopp	0.055861498	0	2	2	0	0	0	0
ooppo	0.188834874	0	3	2	0	0	0	0
ooppp	0.175853899	0	2	3	0	0	0	0
oot	0.119454256	0	2	0	1	0	0	0
oote	0.041772131	1	2	0	1	0	0	0
ootoo	0.081149446	0	4	0	1	0	0	0
ootpo	0.14521313	0	3	1	1	0	0	0
ootpp	0.239832928	0	2	2	1	0	0	0
oott	0.145630503	0	2	0	2	0	0	0
ootto	0.161239438	0	3	0	2	0	0	0
oottt	0.158517264	0	2	0	3	0	0	0
op	0.102906083	0	1	1	0	0	0	0
ope	0.072968246	1	1	1	0	0	0	0
opee	0.170313859	2	1	1	0	0	0	0
opet	0.219268216	1	1	1	1	0	0	0
opo	0.079130939	0	2	1	0	0	0	0
opoe	0.108895169	1	2	1	0	0	0	0
opoo	0.040519286	0	3	1	0	0	0	0
opooe	0.241279626	1	3	1	0	0	0	0
opooo	0.246616853	0	4	1	0	0	0	0
opoop	0.242488168	0	3	2	0	0	0	0
opop	0.124083675	0	2	2	0	0	0	0
opopo	0.077531085	0	3	2	0	0	0	0
opopp	0.25193118	0	2	3	0	0	0	0
opp	0.124177435	0	1	2	0	0	0	0
oppo	0.109014675	0	2	2	0	0	0	0
oppoo	0.225571735	0	3	2	0	0	0	0
oppop	0.196050332	0	2	3	0	0	0	0
oppp	0.177007274	0	1	3	0	0	0	0
opppo	0.280384823	0	2	3	0	0	0	0
oppt	0.165303219	0	1	2	1	0	0	0
opt	0.123596811	0	1	1	1	0	0	0
opte	0.17359506	1	1	1	1	0	0	0
opto	0.14475231	0	2	1	1	0	0	0
optoo	0.114441006	0	3	1	1	0	0	0
ote	0.063943574	1	1	0	1	0	0	0
otee	0.39400953	2	1	0	1	0	0	0
otepp	0.093432665	1	1	2	1	0	0	0
oto	0.165146502	0	2	0	1	0	0	0
otopp	0.192388303	0	2	2	1	0	0	0
otot	0.192915321	0	2	0	2	0	0	0
otpe	0.119611231	1	1	1	1	0	0	0
otpo	0.100808048	0	2	1	1	0	0	0
otpoo	0.133787042	0	3	1	1	0	0	0
otppp	0.085548464	0	1	3	1	0	0	0
ott	0.047064532	0	1	0	2	0	0	0
otte	0.135224363	1	1	0	2	0	0	0
otto	0.171959637	0	2	0	2	0	0	0
ottop	0.099599072	0	2	1	2	0	0	0
ottpe	0.093824942	1	1	1	2	0	0	0
ottpp	0.225012529	0	1	2	2	0	0	0
p	0.107230702	0	0	1	0	0	0	0
pe	0.111568538	1	0	1	0	0	0	0
pee	0.210113246	2	0	1	0	0	0	0
peee	0.34989131	3	0	1	0	0	0	0
peeee	0.158584139	4	0	1	0	0	0	0
peeet	0.12918301	3	0	1	1	0	0	0
peep	0.17930306	2	0	2	0	0	0	0
peepe	0.378362558	3	0	2	0	0	0	0
peet	0.132743848	2	0	1	1	0	0	0
peo	0.136761382	1	1	1	0	0	0	0
peop	0.312113118	1	1	2	0	0	0	0
peope	0.252014341	2	1	2	0	0	0	0
peot	0.130047061	1	1	1	1	0	0	0
pep	0.151207028	1	0	2	0	0	0	0
pepe	0.3082018	2	0	2	0	0	0	0
pepee	0.284998891	3	0	2	0	0	0	0
pepp	0.061176414	1	0	3	0	0	0	0
pet	0.118289393	1	0	1	1	0	0	0
peto	0.012942867	1	1	1	1	0	0	0
petp	0.060812635	1	0	2	1	0	0	0
petpe	0.277609813	2	0	2	1	0	0	0
pez	0.070638894	1	0	1	0	0	0	1
po	0.115869474	0	1	1	0	0	0	0
poo	0.130668035	0	2	1	0	0	0	0
pooe	0.029283184	1	2	1	0	0	0	0
pooo	0.060134133	0	3	1	0	0	0	0
poooo	0.248671056	0	4	1	0	0	0	0
pooop	0.24832686	0	3	2	0	0	0	0
poop	0.115195131	0	2	2	0	0	0	0
poopo	0.238033894	0	3	2	0	0	0	0
poopp	0.179793421	0	2	3	0	0	0	0
pop	0.133719598	0	1	2	0	0	0	0
popo	0.14886431	0	2	2	0	0	0	0
popoo	0.248068922	0	3	2	0	0	0	0
popop	0.199430347	0	2	3	0	0	0	0
popp	0.156802028	0	1	3	0	0	0	0
poppo	0.10429579	0	2	3	0	0	0	0
poppp	0.152945647	0	1	4	0	0	0	0
pot	0.115778006	0	1	1	1	0	0	0
pote	0.076892797	1	1	1	1	0	0	0
potp	0.163999613	0	1	2	1	0	0	0
pp	0.133472896	0	0	2	0	0	0	0
ppe	0.167035976	1	0	2	0	0	0	0
ppee	0.231559709	2	0	2	0	0	0	0
ppeee	0.385064156	3	0	2	0	0	0	0
ppeep	0.119488593	2	0	3	0	0	0	0
ppepe	0.210398822	2	0	3	0	0	0	0
ppo	0.161972337	0	1	2	0	0	0	0
ppoe	0.021291016	1	1	2	0	0	0	0
ppoo	0.216833856	0	2	2	0	0	0	0
ppooe	0.238281948	1	2	2	0	0	0	0
ppooo	0.202197278	0	3	2	0	0	0	0
ppoop	0.19178346	0	2	3	0	0	0	0
ppop	0.177447686	0	1	3	0	0	0	0
ppope	0.096420376	1	1	3	0	0	0	0
ppopo	0.171777382	0	2	3	0	0	0	0
ppopp	0.234035443	0	1	4	0	0	0	0
ppot	0.155254422	0	1	2	1	0	0	0
ppp	0.136977892	0	0	3	0	0	0	0
pppe	0.335335248	1	0	3	0	0	0	0
pppee	0.41023097	2	0	3	0	0	0	0
pppo	0.071181022	0	1	3	0	0	0	0
pppoo	0.101563158	0	2	3	0	0	0	0
pppop	0.203478639	0	1	4	0	0	0	0
pppp	0.137537073	0	0	4	0	0	0	0
ppppe	0.258103322	1	0	4	0	0	0	0
ppppo	0.245268454	0	1	4	0	0	0	0
ppppp	0.212294558	0	0	5	0	0	0	0
ppppt	0.47116696	0	0	4	1	0	0	0
pppt	0.178853436	0	0	3	1	0	0	0
ppptp	0.157006016	0	0	4	1	0	0	0
ppptt	0.25498262	0	0	3	2	0	0	0
ppt	0.145714342	0	0	2	1	0	0	0
pptoo	0.107037645	0	2	2	1	0	0	0
pptp	0.352875073	0	0	3	1	0	0	0
pptpp	0.120917719	0	0	4	1	0	0	0
pptpt	0.159911741	0	0	3	2	0	0	0
pptt	0.224113996	0	0	2	2	0	0	0
ppttp	0.248642645	0	0	3	2	0	0	0
ppttt	0.215316951	0	0	2	3	0	0	0
pt	0.152620591	0	0	1	1	0	0	0
ptee	0.212701552	2	0	1	1	0	0	0
pto	0.115839315	0	1	1	1	0	0	0
ptoop	0.162203162	0	2	2	1	0	0	0
ptop	0.085468771	0	1	2	1	0	0	0
ptopp	0.254787379	0	1	3	1	0	0	0
ptopt	0.192563511	0	1	2	2	0	0	0
ptp	0.148988624	0	0	2	1	0	0	0
ptpo	0.216045612	0	1	2	1	0	0	0
ptpop	0.088478612	0	1	3	1	0	0	0
ptpp	0.202934368	0	0	3	1	0	0	0
ptppp	0.243511763	0	0	4	1	0	0	0
ptpt	0.188296875	0	0	2	2	0	0	0
ptt	0.163168578	0	0	1	2	0	0	0
pttp	0.140210845	0	0	2	2	0	0	0
pttpp	0.276524945	0	0	3	2	0	0	0
pttpt	0.198834025	0	0	2	3	0	0	0
pttt	0.2495889	0	0	1	3	0	0	0
ptttp	0.066697585	0	0	2	3	0	0	0
ptttt	0.076178157	0	0	1	4	0	0	0
t	0.073114555	0	0	0	1	0	0	0
tee	0.101899143	2	0	0	1	0	0	0
teee	0.399632456	3	0	0	1	0	0	0
teeee	0.434514328	4	0	0	1	0	0	0
teeet	0.20031476	3	0	0	2	0	0	0
teeo	0.10928393	2	1	0	1	0	0	0
teeoe	0.392011834	3	1	0	1	0	0	0
teeot	0.291810799	2	1	0	2	0	0	0
teep	0.14619966	2	0	1	1	0	0	0
teet	0.149405393	2	0	0	2	0	0	0
teete	0.353693266	3	0	0	2	0	0	0
teo	0.071532543	1	1	0	1	0	0	0
teoe	0.318882912	2	1	0	1	0	0	0
tep	0.034462349	1	0	1	1	0	0	0
tepe	0.233929322	2	0	1	1	0	0	0
teppe	0.129602472	2	0	2	1	0	0	0
tet	0.113981405	1	0	0	2	0	0	0
tete	0.268697031	2	0	0	2	0	0	0
tett	0.097218437	1	0	0	3	0	0	0
tettt	0.074977781	1	0	0	4	0	0	0
toe	0.224089123	1	1	0	1	0	0	0
toeee	0.169361981	3	1	0	1	0	0	0
too	0.144286018	0	2	0	1	0	0	0
tooe	0.172417154	1	2	0	1	0	0	0
tooee	0.190248566	2	2	0	1	0	0	0
tooet	0.096658711	1	2	0	2	0	0	0
tooo	0.147951611	0	3	0	1	0	0	0
tooop	0.153104233	0	3	1	1	0	0	0
tooot	0.141176471	0	3	0	2	0	0	0
toopo	0.106399831	0	3	1	1	0	0	0
toot	0.163100561	0	2	0	2	0	0	0
tootp	0.097713504	0	2	1	2	0	0	0
top	0.165322422	0	1	1	1	0	0	0
tope	0.163739552	1	1	1	1	0	0	0
topo	0.289205453	0	2	1	1	0	0	0
topoo	0.134759678	0	3	1	1	0	0	0
toppp	0.1487283	0	1	3	1	0	0	0
topt	0.134438238	0	1	1	2	0	0	0
topto	0.224460591	0	2	1	2	0	0	0
tot	0.144594604	0	1	0	2	0	0	0
totp	0.166017004	0	1	1	2	0	0	0
totto	0.236183698	0	2	0	3	0	0	0
tp	0.129404852	0	0	1	1	0	0	0
tpe	0.01061669	1	0	1	1	0	0	0
tpee	0.150566857	2	0	1	1	0	0	0
tpeee	0.195092888	3	0	1	1	0	0	0
tpo	0.155544123	0	1	1	1	0	0	0
tpoe	0.151355828	1	1	1	1	0	0	0
tpot	0.140081008	0	1	1	2	0	0	0
tpotp	0.172318352	0	1	2	2	0	0	0
tpp	0.237260979	0	0	2	1	0	0	0
tppo	0.097501889	0	1	2	1	0	0	0
tppoe	0.216155772	1	1	2	1	0	0	0
tppop	0.209060773	0	1	3	1	0	0	0
tppot	0.173769116	0	1	2	2	0	0	0
tppp	0.111153173	0	0	3	1	0	0	0
tpppp	0.097915129	0	0	4	1	0	0	0
tpppt	0.143689794	0	0	3	2	0	0	0
tppt	0.249647007	0	0	2	2	0	0	0
tppte	0.096027478	1	0	2	2	0	0	0
tpptt	0.150460933	0	0	2	3	0	0	0
tpt	0.145426742	0	0	1	2	0	0	0
tpto	0.216268705	0	1	1	2	0	0	0
tptp	0.221458791	0	0	2	2	0	0	0
tptpp	0.396726436	0	0	3	2	0	0	0
tptpt	0.164729772	0	0	2	3	0	0	0
tptt	0.237564098	0	0	1	3	0	0	0
tpttp	0.510303602	0	0	2	3	0	0	0
tpttt	0.185415638	0	0	1	4	0	0	0
tt	0.111832289	0	0	0	2	0	0	0
tte	0.124392671	1	0	0	2	0	0	0
ttee	0.243816889	2	0	0	2	0	0	0
tteet	0.280420872	2	0	0	3	0	0	0
ttepe	0.202439666	2	0	1	2	0	0	0
ttet	0.149590926	1	0	0	3	0	0	0
tto	0.113014851	0	1	0	2	0	0	0
ttoe	0.131414337	1	1	0	2	0	0	0
ttoee	0.333016175	2	1	0	2	0	0	0
ttoo	0.170878415	0	2	0	2	0	0	0
ttoot	0.076828266	0	2	0	3	0	0	0
ttop	0.202393617	0	1	1	2	0	0	0
ttopo	0.141735505	0	2	1	2	0	0	0
ttot	0.190681028	0	1	0	3	0	0	0
ttp	0.204725673	0	0	1	2	0	0	0
ttpe	0.074397706	1	0	1	2	0	0	0
ttpp	0.177705736	0	0	2	2	0	0	0
ttppp	0.275830621	0	0	3	2	0	0	0
ttppt	0.209610786	0	0	2	3	0	0	0
ttpt	0.200817165	0	0	1	3	0	0	0
ttt	0.146079146	0	0	0	3	0	0	0
ttte	0.055884994	1	0	0	3	0	0	0
tttee	0.283697409	2	0	0	3	0	0	0
ttto	0.158946855	0	1	0	3	0	0	0
tttoo	0.114582982	0	2	0	3	0	0	0
tttp	0.245991911	0	0	1	3	0	0	0
tttpp	0.143158946	0	0	2	3	0	0	0
tttpt	0.181587706	0	0	1	4	0	0	0
tttt	0.221416239	0	0	0	4	0	0	0
tttte	0.182621795	1	0	0	4	0	0	0
ttttp	0.091299596	0	0	1	4	0	0	0
ttttt	0.242483517	0	0	0	5	0	0	0
vop	0.155439492	0	1	1	0	1	0	0
vp	0.218873209	0	0	1	0	1	0	0
w	0.66614036	0	0	0	0	0	1	0
we	0.851564958	1	0	0	0	0	1	0
wet	0.876924273	1	0	0	1	0	1	0
wo	0.954179657	0	1	0	0	0	1	0
wp	0.812428762	0	0	1	0	0	1	0
wt	0.704774163	0	0	0	1	0	1	0
wto	0.569717244	0	1	0	1	0	1	0
z	-0.252403896	0	0	0	0	0	0	1
zeee	0.130874486	3	0	0	0	0	0	1
zeo	0.011760812	1	1	0	0	0	0	1
zep	0.006173482	1	0	1	0	0	0	1
zpe	0.055314183	1	0	1	0	0	0	1
zt	0.015650946	0	0	0	1	0	0	1
