placement_id,hour,hb_impressions,impressions,served,hb_served,hb_revenue,fill,hb_fill,hb_served_percent
368e0fcccc64b410342fa97219042791,2016-01-31 02:00:00,11725,7458,4418,1008,2577.1297,0.59238401716277822,0.13515687851971037,0.22815753734721593
368e0fcccc64b410342fa97219042791,2016-01-31 05:00:00,9888,6877,2888,104,145.2242,0.41995055983713828,0.01512287334593572,0.03601108033240997
368e0fcccc64b410342fa97219042791,2016-01-31 07:00:00,12233,7434,3385,99,45.1552,0.45534032822168415,0.01331719128329297,0.02924667651403249
368e0fcccc64b410342fa97219042791,2016-01-31 16:00:00,28810,16809,7670,267,349.7772,0.45630317092034029,0.01588434767089059,0.03481095176010430
368e0fcccc64b410342fa97219042791,2016-01-31 17:00:00,27432,16973,7789,253,176.7676,0.45890532021445825,0.01490602721970187,0.03248170496854538
368e0fcccc64b410342fa97219042791,2016-01-31 22:00:00,41348,26391,12244,323,214.1677,0.46394604221135993,0.01223902087832973,0.02638026788631166
368e0fcccc64b410342fa97219042791,2016-02-01 15:00:00,29975,16732,8276,660,1416.7565,0.49462108534544585,0.03944537413339708,0.07974867085548574
368e0fcccc64b410342fa97219042791,2016-02-01 23:00:00,33937,23458,6102,135,375.6314,0.26012447779009293,0.00575496632278966,0.02212389380530973
368e0fcccc64b410342fa97219042791,2016-02-02 19:00:00,26045,15428,7139,649,2031.7523,0.46273010111485610,0.04206637282862328,0.09090909090909090
368e0fcccc64b410342fa97219042791,2016-02-03 07:00:00,11042,5724,2494,188,523.5566,0.43570929419986023,0.03284416491963661,0.07538091419406575
368e0fcccc64b410342fa97219042791,2016-02-03 08:00:00,14883,7514,3479,282,837.6335,0.46300239552834708,0.03752994410433856,0.08105777522276516
368e0fcccc64b410342fa97219042791,2016-02-03 14:00:00,22622,12604,5765,446,1517.5746,0.45739447794350999,0.03538559187559504,0.07736339982653946
368e0fcccc64b410342fa97219042791,2016-02-03 21:00:00,23758,15479,6625,600,1903.6827,0.42799922475612119,0.03876219394017701,0.09056603773584905
368e0fcccc64b410342fa97219042791,2016-02-04 00:00:00,12756,7735,3400,417,1178.2579,0.43956043956043956,0.05391079508726567,0.12264705882352941
368e0fcccc64b410342fa97219042791,2016-02-04 10:00:00,17484,9680,4041,322,959.7925,0.41745867768595041,0.03326446280991735,0.07968324672110863
368e0fcccc64b410342fa97219042791,2016-02-04 19:00:00,30891,20361,9539,914,2987.8298,0.46849368891508275,0.04488974018957811,0.09581717161128000
368e0fcccc64b410342fa97219042791,2016-02-04 23:00:00,20220,15302,6144,462,1611.9769,0.40151614168082603,0.03019213174748398,0.07519531250000000
368e0fcccc64b410342fa97219042791,2016-02-05 02:00:00,9188,6170,2601,146,463.4708,0.42155591572123176,0.02366288492706645,0.05613225682429834
368e0fcccc64b410342fa97219042791,2016-02-05 11:00:00,20115,12044,4948,432,1417.0335,0.41082696778478910,0.03586848223181667,0.08730800323362974
368e0fcccc64b410342fa97219042791,2016-02-05 13:00:00,22456,13563,7016,568,1613.7629,0.51728968517289685,0.04187864041878640,0.08095781071835803
368e0fcccc64b410342fa97219042791,2016-02-05 14:00:00,25100,15714,8163,668,1880.1522,0.51947308132875143,0.04250986381570574,0.08183265956143574
368e0fcccc64b410342fa97219042791,2016-02-06 18:00:00,19949,13138,5859,556,1423.9561,0.44595828893286649,0.04231998782158623,0.09489674005803038
368e0fcccc64b410342fa97219042791,2016-02-07 07:00:00,9265,5737,1783,187,489.6217,0.31078961129510196,0.03259543315321596,0.10487941671340437
368e0fcccc64b410342fa97219042791,2016-02-09 17:00:00,24656,15776,6203,621,1840.0374,0.39319219066937119,0.03936359026369168,0.10011284862163469
368e0fcccc64b410342fa97219042791,2016-02-09 19:00:00,25256,16548,6382,923,2727.3991,0.38566594150350495,0.05577713318830070,0.14462550924475086
368e0fcccc64b410342fa97219042791,2016-02-10 03:00:00,5608,3650,2177,1561,3976.0281,0.59643835616438356,0.42767123287671232,0.71704180064308681
368e0fcccc64b410342fa97219042791,2016-02-10 12:00:00,21763,11492,3701,653,1914.4985,0.32205012182387747,0.05682213713887922,0.17643880032423669
368e0fcccc64b410342fa97219042791,2016-02-10 17:00:00,20441,13478,4738,938,2840.0867,0.35153583617747440,0.06959489538507196,0.19797382861967074
368e0fcccc64b410342fa97219042791,2016-02-10 21:00:00,23372,16528,5429,1179,4040.9135,0.32847289448209099,0.07133349467570183,0.21716706575796647
368e0fcccc64b410342fa97219042791,2016-02-11 07:00:00,16633,8537,3105,768,2422.8964,0.36371090547030572,0.08996134473468431,0.24734299516908212
368e0fcccc64b410342fa97219042791,2016-02-11 11:00:00,21123,12331,4454,926,3406.7053,0.36120347092693212,0.07509528829778606,0.20790300853165693
368e0fcccc64b410342fa97219042791,2016-02-11 21:00:00,21044,15135,4967,1287,4141.2370,0.32817971589032044,0.08503468780971258,0.25911012683712502
368e0fcccc64b410342fa97219042791,2016-02-12 01:00:00,11288,7340,3048,919,2679.6297,0.41525885558583106,0.12520435967302452,0.30150918635170603
368e0fcccc64b410342fa97219042791,2016-02-12 09:00:00,19291,10884,4488,988,2983.0658,0.41234840132304299,0.09077545020213156,0.22014260249554367
368e0fcccc64b410342fa97219042791,2016-02-12 20:00:00,15353,10345,3956,996,3093.8587,0.38240695988400193,0.09627839536007733,0.25176946410515672
368e0fcccc64b410342fa97219042791,2016-02-13 01:00:00,10403,6750,2813,773,2257.6201,0.41674074074074074,0.11451851851851851,0.27479559189477426
368e0fcccc64b410342fa97219042791,2016-02-13 05:00:00,5324,3689,1418,254,792.5088,0.38438601246950393,0.06885334779072919,0.17912552891396332
368e0fcccc64b410342fa97219042791,2016-02-13 06:00:00,6511,4327,1695,298,959.9896,0.39172636930899006,0.06886988675756875,0.17581120943952802
368e0fcccc64b410342fa97219042791,2016-02-13 13:00:00,18571,11085,3694,953,3007.2741,0.33324312133513757,0.08597203428055931,0.25798592311857065
368e0fcccc64b410342fa97219042791,2016-02-13 23:00:00,19638,13587,4392,1109,3394.7794,0.32325016559947008,0.08162213880915581,0.25250455373406193
368e0fcccc64b410342fa97219042791,2016-02-14 11:00:00,20204,11612,3678,926,2724.5137,0.31674130210127454,0.07974509128487771,0.25176726481783578
368e0fcccc64b410342fa97219042791,2016-02-15 00:00:00,22950,14288,5069,1532,4672.8451,0.35477323628219484,0.10722284434490481,0.30222923653580587
368e0fcccc64b410342fa97219042791,2016-02-17 12:00:00,24625,7534,1899,518,1491.3409,0.25205734005840191,0.06875497743562516,0.27277514481305950
368e0fcccc64b410342fa97219042791,2016-02-17 22:00:00,29450,14453,2945,714,2212.0755,0.20376392444475195,0.04940150833736940,0.24244482173174872
368e0fcccc64b410342fa97219042791,2016-02-19 03:00:00,6840,2984,679,187,557.4287,0.22754691689008042,0.06266756032171581,0.27540500736377025
368e0fcccc64b410342fa97219042791,2016-02-19 07:00:00,10999,3730,774,191,584.0668,0.20750670241286863,0.05120643431635388,0.24677002583979328
368e0fcccc64b410342fa97219042791,2016-02-19 10:00:00,18683,5184,1124,295,825.5047,0.21682098765432098,0.05690586419753086,0.26245551601423487
368e0fcccc64b410342fa97219042791,2016-02-19 20:00:00,13666,5431,1247,373,1028.3253,0.22960780703369545,0.06867980114159454,0.29911788291900561
368e0fcccc64b410342fa97219042791,2016-02-20 01:00:00,8715,3553,835,228,623.6678,0.23501266535322262,0.06417112299465240,0.27305389221556886
368e0fcccc64b410342fa97219042791,2016-02-20 09:00:00,15293,5363,1073,292,710.6253,0.20007458512026850,0.05444713779600969,0.27213420316868592
368e0fcccc64b410342fa97219042791,2016-02-21 04:00:00,6994,3662,846,179,499.1631,0.23102129983615510,0.04888039322774440,0.21158392434988179
368e0fcccc64b410342fa97219042791,2016-02-21 05:00:00,6851,3708,805,175,545.2465,0.21709816612729234,0.04719525350593311,0.21739130434782608
368e0fcccc64b410342fa97219042791,2016-02-08 15:00:00,7,0,0,0,0.0000,0.00000000000000000,0.00000000000000000,0.00000000000000000
368e0fcccc64b410342fa97219042791,2016-01-31 01:00:00,15268,9411,6158,2671,8451.8652,0.65434066517904579,0.28381681011582191,0.43374472231243910
368e0fcccc64b410342fa97219042791,2016-01-31 04:00:00,9343,6356,2854,133,201.4475,0.44902454373820012,0.02092511013215859,0.04660126138752627
368e0fcccc64b410342fa97219042791,2016-02-01 20:00:00,30493,19399,5611,280,820.2531,0.28924171349038610,0.01443373369761327,0.04990197825699518
368e0fcccc64b410342fa97219042791,2016-02-03 09:00:00,18364,9038,4183,338,1022.2930,0.46282363354724496,0.03739765434830714,0.08080325125508008
368e0fcccc64b410342fa97219042791,2016-02-03 13:00:00,23109,12365,5574,406,1367.6434,0.45078851597250303,0.03283461382935705,0.07283817725152493
368e0fcccc64b410342fa97219042791,2016-02-03 15:00:00,23719,13585,5902,587,2001.7734,0.43444976076555023,0.04320942215679057,0.09945781091155540
368e0fcccc64b410342fa97219042791,2016-02-03 20:00:00,24910,15381,6990,659,2072.5822,0.45445679734737663,0.04284506859111891,0.09427753934191702
368e0fcccc64b410342fa97219042791,2016-02-04 04:00:00,5167,3238,1278,81,264.9425,0.39468807906114885,0.02501544163063619,0.06338028169014084
368e0fcccc64b410342fa97219042791,2016-02-04 11:00:00,18198,10172,4267,315,1002.8667,0.41948486040110106,0.03096736138419189,0.07382235762831028
368e0fcccc64b410342fa97219042791,2016-02-04 20:00:00,25215,17445,7808,616,1989.0488,0.44757810260819719,0.03531097735740899,0.07889344262295081
368e0fcccc64b410342fa97219042791,2016-02-06 05:00:00,5874,4165,1719,98,284.3699,0.41272509003601440,0.02352941176470588,0.05700988947062245
368e0fcccc64b410342fa97219042791,2016-02-07 14:00:00,35,5,2,0,0.0000,0.40000000000000000,0.00000000000000000,0.00000000000000000
368e0fcccc64b410342fa97219042791,2016-02-08 02:00:00,21,1,0,0,0.0000,0.00000000000000000,0.00000000000000000,0.00000000000000000
368e0fcccc64b410342fa97219042791,2016-02-09 07:00:00,8486,4840,3400,1106,2870.9786,0.70247933884297520,0.22851239669421487,0.32529411764705882
368e0fcccc64b410342fa97219042791,2016-02-09 11:00:00,33752,17415,8307,879,2572.4692,0.47700258397932816,0.05047372954349698,0.10581437342000722
368e0fcccc64b410342fa97219042791,2016-02-09 14:00:00,28101,16195,6002,863,2649.4738,0.37060821241123803,0.05328805186786045,0.14378540486504498
368e0fcccc64b410342fa97219042791,2016-02-12 07:00:00,11984,6795,2966,656,2089.4141,0.43649742457689477,0.09654157468727005,0.22117329737019554
368e0fcccc64b410342fa97219042791,2016-02-12 12:00:00,20482,11482,4275,950,3005.8395,0.37232189514021947,0.08273819892004877,0.22222222222222222
368e0fcccc64b410342fa97219042791,2016-02-12 13:00:00,20218,11838,4373,1047,3155.5287,0.36940361547558709,0.08844399391789153,0.23942373656528698
368e0fcccc64b410342fa97219042791,2016-02-12 21:00:00,15267,10505,3564,901,2929.1414,0.33926701570680628,0.08576868158019990,0.25280583613916947
368e0fcccc64b410342fa97219042791,2016-02-13 00:00:00,14113,9354,3535,944,2781.7209,0.37791319221723326,0.10091939277314517,0.26704384724186704
368e0fcccc64b410342fa97219042791,2016-02-13 10:00:00,17495,10448,3688,842,2484.1456,0.35298621745788667,0.08058958652373660,0.22830802603036876
368e0fcccc64b410342fa97219042791,2016-02-13 11:00:00,18388,11091,3717,829,2425.5791,0.33513659724100622,0.07474528897304120,0.22302932472423997
368e0fcccc64b410342fa97219042791,2016-02-13 12:00:00,19891,11878,4012,1013,3149.0777,0.33776730089240612,0.08528371779760902,0.25249252243270189
368e0fcccc64b410342fa97219042791,2016-02-13 14:00:00,14430,9149,3134,757,2324.0290,0.34255109848070827,0.08274128320034976,0.24154435226547543
368e0fcccc64b410342fa97219042791,2016-02-14 05:00:00,6431,4498,1658,304,1037.5234,0.36860827034237438,0.06758559359715429,0.18335343787696019
368e0fcccc64b410342fa97219042791,2016-02-14 07:00:00,9787,6145,2178,462,1371.1662,0.35443449959316517,0.07518307567127746,0.21212121212121212
368e0fcccc64b410342fa97219042791,2016-02-14 09:00:00,17293,10322,3332,728,2103.1185,0.32280565781825227,0.07052896725440806,0.21848739495798319
368e0fcccc64b410342fa97219042791,2016-02-14 13:00:00,20340,11988,3680,937,2872.8709,0.30697364030697364,0.07816149482816149,0.25461956521739130
368e0fcccc64b410342fa97219042791,2016-02-14 23:00:00,27562,17911,5715,1565,4702.9362,0.31907766177209536,0.08737647255876277,0.27384076990376202
368e0fcccc64b410342fa97219042791,2016-02-15 20:00:00,41521,11797,3356,1243,3302.8219,0.28447910485716707,0.10536577095871831,0.37038140643623361
368e0fcccc64b410342fa97219042791,2016-02-15 22:00:00,47923,14506,3534,1363,3661.8090,0.24362332827795395,0.09396111953674341,0.38568194680249009
368e0fcccc64b410342fa97219042791,2016-02-16 09:00:00,24330,5382,1294,390,1081.2353,0.24043106651802303,0.07246376811594202,0.30139103554868624
368e0fcccc64b410342fa97219042791,2016-02-17 06:00:00,8021,3478,851,183,547.3557,0.24468085106382978,0.05261644623346751,0.21504112808460634
368e0fcccc64b410342fa97219042791,2016-02-18 04:00:00,5099,2697,992,113,334.4150,0.36781609195402298,0.04189840563589173,0.11391129032258064
368e0fcccc64b410342fa97219042791,2016-02-18 09:00:00,21916,6550,1798,380,1098.6156,0.27450381679389312,0.05801526717557251,0.21134593993325917
368e0fcccc64b410342fa97219042791,2016-02-20 13:00:00,14794,5575,1160,286,795.2179,0.20807174887892376,0.05130044843049327,0.24655172413793103
368e0fcccc64b410342fa97219042791,2016-02-08 20:00:00,4,1,1,0,0.0000,1.00000000000000000,0.00000000000000000,0.00000000000000000
368e0fcccc64b410342fa97219042791,2016-01-31 10:00:00,21642,12636,5784,171,95.6219,0.45773979107312440,0.01353276353276353,0.02956431535269709
368e0fcccc64b410342fa97219042791,2016-02-01 00:00:00,24456,15058,9039,3361,10304.2742,0.60027892150351972,0.22320361269756939,0.37183316738577276
368e0fcccc64b410342fa97219042791,2016-02-01 05:00:00,7623,4983,2226,43,27.1553,0.44671884406983744,0.00862933975516756,0.01931716082659478
368e0fcccc64b410342fa97219042791,2016-02-02 22:00:00,25371,17349,7500,489,1651.7527,0.43230157357772782,0.02818606259726785,0.06520000000000000
368e0fcccc64b410342fa97219042791,2016-02-03 01:00:00,11515,7251,3517,268,799.6207,0.48503654668321610,0.03696041925251689,0.07620130793289735
368e0fcccc64b410342fa97219042791,2016-02-03 02:00:00,8947,5505,2582,184,577.3566,0.46902815622161671,0.03342415985467756,0.07126258714175058
368e0fcccc64b410342fa97219042791,2016-02-03 04:00:00,5752,3627,1569,118,334.5819,0.43258891645988420,0.03253377446925834,0.07520713830465264
368e0fcccc64b410342fa97219042791,2016-02-04 07:00:00,9295,5365,2219,171,504.2331,0.41360671015843429,0.03187325256290773,0.07706173952230734
368e0fcccc64b410342fa97219042791,2016-02-04 09:00:00,16076,8396,3475,265,806.9583,0.41388756550738446,0.03156264888041924,0.07625899280575539
368e0fcccc64b410342fa97219042791,2016-02-04 22:00:00,22997,17266,7011,520,1730.2485,0.40605814896328043,0.03011699293409011,0.07416916274425902
368e0fcccc64b410342fa97219042791,2016-02-06 01:00:00,9673,6506,3385,278,774.6412,0.52028896403320012,0.04272978788810328,0.08212703101920236
368e0fcccc64b410342fa97219042791,2016-02-06 14:00:00,19512,12099,5278,521,1349.2156,0.43623439953715183,0.04306141003388709,0.09871163319439181
368e0fcccc64b410342fa97219042791,2016-02-06 23:00:00,19850,14281,6303,613,1630.5705,0.44135564736362999,0.04292416497444156,0.09725527526574646
368e0fcccc64b410342fa97219042791,2016-02-07 10:00:00,12434,7572,3573,269,870.3472,0.47187004754358161,0.03552562070787110,0.07528687377553876
368e0fcccc64b410342fa97219042791,2016-02-07 15:00:00,34,4,3,0,0.0000,0.75000000000000000,0.00000000000000000,0.00000000000000000
368e0fcccc64b410342fa97219042791,2016-02-07 19:00:00,31,6,3,0,0.0000,0.50000000000000000,0.00000000000000000,0.00000000000000000
368e0fcccc64b410342fa97219042791,2016-02-07 20:00:00,21,2,3,0,0.0000,1.50000000000000000,0.00000000000000000,0.00000000000000000
368e0fcccc64b410342fa97219042791,2016-02-08 05:00:00,9,0,0,0,0.0000,0.00000000000000000,0.00000000000000000,0.00000000000000000
368e0fcccc64b410342fa97219042791,2016-02-08 09:00:00,10,3,0,0,0.0000,0.00000000000000000,0.00000000000000000,0.00000000000000000
368e0fcccc64b410342fa97219042791,2016-02-08 13:00:00,13,1,0,0,0.0000,0.00000000000000000,0.00000000000000000,0.00000000000000000
368e0fcccc64b410342fa97219042791,2016-02-10 02:00:00,6417,4206,2436,1692,4332.7159,0.57917261055634807,0.40228245363766048,0.69458128078817733
368e0fcccc64b410342fa97219042791,2016-02-10 16:00:00,22634,14232,5250,1340,3895.8575,0.36888701517706576,0.09415401911186059,0.25523809523809523
368e0fcccc64b410342fa97219042791,2016-02-11 00:00:00,16633,11135,4065,953,3055.1881,0.36506511001347103,0.08558599012123933,0.23444034440344403
368e0fcccc64b410342fa97219042791,2016-02-11 15:00:00,22931,14308,5251,1256,3668.1430,0.36699748392507688,0.08778305842885099,0.23919253475528470
368e0fcccc64b410342fa97219042791,2016-02-11 19:00:00,21902,14294,5477,1485,5122.4653,0.38316776269763537,0.10388974394850986,0.27113383238999452
368e0fcccc64b410342fa97219042791,2016-02-12 17:00:00,19203,12279,4439,1178,3552.2871,0.36151152373971821,0.09593615115237397,0.26537508447848614
368e0fcccc64b410342fa97219042791,2016-02-12 23:00:00,8831,6491,2228,545,1756.2624,0.34324449237405638,0.08396240949006316,0.24461400359066427
368e0fcccc64b410342fa97219042791,2016-02-13 20:00:00,21071,13772,4730,1193,3886.5430,0.34345047923322683,0.08662503630554748,0.25221987315010570
368e0fcccc64b410342fa97219042791,2016-02-14 10:00:00,19080,11171,3492,854,2588.8737,0.31259511234446334,0.07644794557335959,0.24455899198167239
368e0fcccc64b410342fa97219042791,2016-02-16 21:00:00,29838,13012,2866,701,2303.4716,0.22025822317860436,0.05387334767906547,0.24459176552686671
368e0fcccc64b410342fa97219042791,2016-02-16 23:00:00,24649,11420,2518,666,2035.0577,0.22049036777583187,0.05831873905429071,0.26449563145353455
368e0fcccc64b410342fa97219042791,2016-02-17 05:00:00,6211,2954,641,129,435.6952,0.21699390656736628,0.04366960054163845,0.20124804992199687
368e0fcccc64b410342fa97219042791,2016-02-18 02:00:00,742,348,103,33,126.8651,0.29597701149425287,0.09482758620689655,0.32038834951456310
368e0fcccc64b410342fa97219042791,2016-02-19 06:00:00,8394,3307,715,178,473.1517,0.21620804354399758,0.05382521923193226,0.24895104895104895
368e0fcccc64b410342fa97219042791,2016-02-19 08:00:00,14077,4323,976,265,688.5221,0.22576914179967615,0.06130002313208420,0.27151639344262295
368e0fcccc64b410342fa97219042791,2016-02-20 14:00:00,14844,5296,1156,271,776.3947,0.21827794561933534,0.05117069486404833,0.23442906574394463
368e0fcccc64b410342fa97219042791,2016-02-20 15:00:00,15010,5770,1244,298,812.3240,0.21559792027729636,0.05164644714038128,0.23954983922829581
368e0fcccc64b410342fa97219042791,2016-02-20 22:00:00,19566,9889,2154,553,1657.1674,0.21781777732834462,0.05592071999191020,0.25673166202414113
368e0fcccc64b410342fa97219042791,2016-02-21 08:00:00,2360,1108,262,90,232.9741,0.23646209386281588,0.08122743682310469,0.34351145038167938
368e0fcccc64b410342fa97219042791,2016-02-08 16:00:00,10,0,0,0,0.0000,0.00000000000000000,0.00000000000000000,0.00000000000000000
368e0fcccc64b410342fa97219042791,2016-02-08 21:00:00,6,2,0,0,0.0000,0.00000000000000000,0.00000000000000000,0.00000000000000000
368e0fcccc64b410342fa97219042791,2016-02-08 08:00:00,10,2,0,0,0.0000,0.00000000000000000,0.00000000000000000,0.00000000000000000
368e0fcccc64b410342fa97219042791,2016-01-31 14:00:00,25296,14859,6556,230,208.1975,0.44121407900935459,0.01547883437647217,0.03508236729713239
368e0fcccc64b410342fa97219042791,2016-02-01 09:00:00,29195,14221,6929,688,1035.1897,0.48723718444553828,0.04837915758385486,0.09929282724779910
368e0fcccc64b410342fa97219042791,2016-02-01 12:00:00,33749,16982,8125,785,1554.8552,0.47844776822517960,0.04622541514544812,0.09661538461538461
368e0fcccc64b410342fa97219042791,2016-02-01 13:00:00,30783,16173,7773,746,1574.7748,0.48061584121684288,0.04612625981574228,0.09597324070500450
368e0fcccc64b410342fa97219042791,2016-02-01 21:00:00,30127,19618,5591,165,468.1267,0.28499337343256193,0.00841064328677744,0.02951171525666249
368e0fcccc64b410342fa97219042791,2016-02-02 02:00:00,11404,6852,2389,76,191.8457,0.34865732632807939,0.01109165207238762,0.03181247383842611
368e0fcccc64b410342fa97219042791,2016-02-02 15:00:00,29947,15952,7125,496,1629.2769,0.44665245737211634,0.03109327983951855,0.06961403508771929
368e0fcccc64b410342fa97219042791,2016-02-02 17:00:00,24908,14509,6396,440,1609.0816,0.44082982976083810,0.03032600454890068,0.06879299562226391
368e0fcccc64b410342fa97219042791,2016-02-02 20:00:00,25803,16584,7473,582,2033.7750,0.45061505065123010,0.03509406657018813,0.07788036932958651
368e0fcccc64b410342fa97219042791,2016-02-03 10:00:00,19134,9758,4756,377,1183.2133,0.48739495798319327,0.03863496618159458,0.07926829268292682
368e0fcccc64b410342fa97219042791,2016-02-03 16:00:00,23847,13985,6492,643,2064.0291,0.46421165534501251,0.04597783339292098,0.09904497843499691
368e0fcccc64b410342fa97219042791,2016-02-03 23:00:00,19715,13294,5476,502,1557.0594,0.41191514969159019,0.03776139611854972,0.09167275383491599
368e0fcccc64b410342fa97219042791,2016-02-04 06:00:00,7445,4602,1805,117,355.1034,0.39222077357670578,0.02542372881355932,0.06481994459833795
368e0fcccc64b410342fa97219042791,2016-02-05 10:00:00,27240,14454,6257,631,2041.8080,0.43289054932890549,0.04365573543655735,0.10084705130254115
368e0fcccc64b410342fa97219042791,2016-02-05 19:00:00,20908,13648,7199,816,2077.8941,0.52747655334114888,0.05978898007033997,0.11334907626059174
368e0fcccc64b410342fa97219042791,2016-02-06 07:00:00,9168,5915,2613,208,612.0111,0.44175824175824175,0.03516483516483516,0.07960199004975124
368e0fcccc64b410342fa97219042791,2016-02-06 08:00:00,12563,7868,3525,279,826.3441,0.44801728520589730,0.03546009150991357,0.07914893617021276
368e0fcccc64b410342fa97219042791,2016-02-07 12:00:00,72,4,4,1,1.9144,1.00000000000000000,0.25000000000000000,0.25000000000000000
368e0fcccc64b410342fa97219042791,2016-02-07 22:00:00,20,2,1,0,0.0000,0.50000000000000000,0.00000000000000000,0.00000000000000000
368e0fcccc64b410342fa97219042791,2016-02-08 10:00:00,13,1,0,0,0.0000,0.00000000000000000,0.00000000000000000,0.00000000000000000
368e0fcccc64b410342fa97219042791,2016-02-09 23:00:00,19505,14410,4361,537,1618.4388,0.30263705759888965,0.03726578764746703,0.12313689520752121
368e0fcccc64b410342fa97219042791,2016-02-10 04:00:00,4875,3345,1998,1479,3757.5070,0.59730941704035874,0.44215246636771300,0.74024024024024024
368e0fcccc64b410342fa97219042791,2016-02-10 09:00:00,16000,8784,3262,638,1626.5477,0.37135701275045537,0.07263205828779599,0.19558553034947884
368e0fcccc64b410342fa97219042791,2016-02-10 11:00:00,19749,11089,3986,683,1912.3540,0.35945531607899720,0.06159256921273333,0.17134972403411941
368e0fcccc64b410342fa97219042791,2016-02-11 01:00:00,11753,7672,3090,642,2022.6736,0.40276329509906152,0.08368091762252346,0.20776699029126213
368e0fcccc64b410342fa97219042791,2016-02-11 03:00:00,7230,4644,1676,363,1100.7939,0.36089577950043066,0.07816537467700258,0.21658711217183770
368e0fcccc64b410342fa97219042791,2016-02-11 12:00:00,21315,12611,4398,1093,3350.7136,0.34874316073269368,0.08667036713979858,0.24852205547976352
368e0fcccc64b410342fa97219042791,2016-02-12 08:00:00,15260,8524,3477,873,2543.5562,0.40790708587517597,0.10241670577193805,0.25107851596203623
368e0fcccc64b410342fa97219042791,2016-02-12 11:00:00,20429,11639,4312,903,3222.2941,0.37047856345046825,0.07758398487842598,0.20941558441558441
368e0fcccc64b410342fa97219042791,2016-02-12 22:00:00,13326,9494,3238,813,2596.3449,0.34105751000631978,0.08563303138824520,0.25108091414453366
368e0fcccc64b410342fa97219042791,2016-02-13 03:00:00,6337,4089,1855,619,1543.3436,0.45365615064808021,0.15138175593054536,0.33369272237196765
368e0fcccc64b410342fa97219042791,2016-02-14 17:00:00,24677,14700,4721,1325,3948.0804,0.32115646258503401,0.09013605442176870,0.28066087693285320
368e0fcccc64b410342fa97219042791,2016-02-14 18:00:00,24255,14826,4481,1046,3250.6098,0.30223930932146229,0.07055173344125185,0.23343003793796027
368e0fcccc64b410342fa97219042791,2016-02-14 19:00:00,26139,15345,5776,1656,5027.6261,0.37640925382860866,0.10791788856304985,0.28670360110803324
368e0fcccc64b410342fa97219042791,2016-02-14 20:00:00,27722,16667,5393,1620,4894.5249,0.32357352852942941,0.09719805603887922,0.30038939365844613
368e0fcccc64b410342fa97219042791,2016-02-15 07:00:00,15155,7709,2994,592,1721.5105,0.38837722142949798,0.07679335841224542,0.19772879091516366
368e0fcccc64b410342fa97219042791,2016-02-16 08:00:00,19239,4600,1032,320,823.4271,0.22434782608695652,0.06956521739130434,0.31007751937984496
368e0fcccc64b410342fa97219042791,2016-02-16 22:00:00,28980,13011,2797,696,2122.1741,0.21497194681423410,0.05349319806317731,0.24883804075795495
368e0fcccc64b410342fa97219042791,2016-02-17 02:00:00,8907,3894,1119,247,766.5391,0.28736517719568567,0.06343091936312275,0.22073279714030384
368e0fcccc64b410342fa97219042791,2016-02-17 10:00:00,21611,6870,1668,493,1397.7790,0.24279475982532751,0.07176128093158660,0.29556354916067146
368e0fcccc64b410342fa97219042791,2016-02-19 01:00:00,11747,4687,1165,321,998.0333,0.24855984638361425,0.06848730531256667,0.27553648068669527
368e0fcccc64b410342fa97219042791,2016-02-21 06:00:00,8090,4089,927,192,598.6330,0.22670579603815113,0.04695524578136463,0.20711974110032362
368e0fcccc64b410342fa97219042791,2016-02-08 03:00:00,8,0,0,0,0.0000,0.00000000000000000,0.00000000000000000,0.00000000000000000
368e0fcccc64b410342fa97219042791,2016-02-02 06:00:00,10750,6063,1815,19,45.4412,0.29935675408213755,0.00313376216394524,0.01046831955922865
368e0fcccc64b410342fa97219042791,2016-02-02 08:00:00,20599,10015,3110,56,142.1750,0.31053419870194707,0.00559161258112830,0.01800643086816720
368e0fcccc64b410342fa97219042791,2016-02-02 13:00:00,29327,15635,7070,384,1306.0824,0.45219059801726894,0.02456028141989126,0.05431400282885431
368e0fcccc64b410342fa97219042791,2016-02-03 03:00:00,5914,3522,1550,116,334.0670,0.44009085746734809,0.03293583191368540,0.07483870967741935
368e0fcccc64b410342fa97219042791,2016-02-03 06:00:00,8043,4648,2056,195,503.3971,0.44234079173838209,0.04195352839931153,0.09484435797665369
368e0fcccc64b410342fa97219042791,2016-02-04 14:00:00,20560,12898,5571,394,1239.8205,0.43192743060939680,0.03054737168553264,0.07072338897863938
368e0fcccc64b410342fa97219042791,2016-02-06 03:00:00,6356,4285,1843,129,378.8148,0.43010501750291715,0.03010501750291715,0.06999457406402604
368e0fcccc64b410342fa97219042791,2016-02-06 17:00:00,18732,12223,5394,486,1238.5849,0.44129919005154217,0.03976110611142927,0.09010011123470522
368e0fcccc64b410342fa97219042791,2016-02-07 02:00:00,9267,6266,2956,263,738.6881,0.47175231407596552,0.04197255027130545,0.08897158322056833
368e0fcccc64b410342fa97219042791,2016-02-07 05:00:00,6260,4419,1271,115,337.3632,0.28762163385381307,0.02602398732744964,0.09047993705743509
368e0fcccc64b410342fa97219042791,2016-02-08 01:00:00,5,1,0,0,0.0000,0.00000000000000000,0.00000000000000000,0.00000000000000000
368e0fcccc64b410342fa97219042791,2016-02-08 19:00:00,10,0,2,0,0.0000,0.00000000000000000,0.00000000000000000,0.00000000000000000
368e0fcccc64b410342fa97219042791,2016-02-09 06:00:00,1435,893,652,238,615.1314,0.73012318029115341,0.26651735722284434,0.36503067484662576
368e0fcccc64b410342fa97219042791,2016-02-09 16:00:00,27508,16879,6015,769,2529.0465,0.35635997393210498,0.04555957106463653,0.12784704904405652
368e0fcccc64b410342fa97219042791,2016-02-10 20:00:00,22086,14953,5184,1224,4289.1059,0.34668628368889186,0.08185648364876613,0.23611111111111111
368e0fcccc64b410342fa97219042791,2016-02-11 06:00:00,11224,6245,2213,530,1824.7431,0.35436349079263410,0.08486789431545236,0.23949389968368730
368e0fcccc64b410342fa97219042791,2016-02-11 14:00:00,23033,14226,5103,1383,4317.8418,0.35870940531421341,0.09721636440320539,0.27101704879482657
368e0fcccc64b410342fa97219042791,2016-02-11 17:00:00,21098,13841,4891,1053,3409.1051,0.35337042121234014,0.07607831804060400,0.21529339603353097
368e0fcccc64b410342fa97219042791,2016-02-11 20:00:00,21092,14478,5266,1334,4419.9261,0.36372427130819173,0.09213979831468434,0.25332320546904671
368e0fcccc64b410342fa97219042791,2016-02-12 05:00:00,6195,3929,1650,345,1019.5912,0.41995418681598371,0.08780860269788750,0.20909090909090909
368e0fcccc64b410342fa97219042791,2016-02-12 16:00:00,10968,6930,3041,749,2267.3910,0.43881673881673881,0.10808080808080808,0.24630055902663597
368e0fcccc64b410342fa97219042791,2016-02-13 16:00:00,19938,12648,4187,1006,2939.1868,0.33104048070841239,0.07953826691967109,0.24026749462622402
368e0fcccc64b410342fa97219042791,2016-02-13 19:00:00,20813,12952,4956,1292,3962.8205,0.38264360716491661,0.09975293390982087,0.26069410815173527
368e0fcccc64b410342fa97219042791,2016-02-14 06:00:00,6921,4638,1762,329,919.9624,0.37990513152220784,0.07093574816731349,0.18671963677639046
368e0fcccc64b410342fa97219042791,2016-02-15 01:00:00,16994,10350,4110,1010,3074.1625,0.39710144927536231,0.09758454106280193,0.24574209245742092
368e0fcccc64b410342fa97219042791,2016-02-15 05:00:00,7960,5053,1860,334,1029.7655,0.36809815950920245,0.06609934692262022,0.17956989247311827
368e0fcccc64b410342fa97219042791,2016-02-16 01:00:00,17170,4881,1411,505,1441.0399,0.28908010653554599,0.10346240524482687,0.35790219702338766
368e0fcccc64b410342fa97219042791,2016-02-16 02:00:00,10769,3407,910,270,710.0555,0.26709715292045788,0.07924860581156442,0.29670329670329670
368e0fcccc64b410342fa97219042791,2016-02-16 03:00:00,8164,2695,599,247,552.6057,0.22226345083487940,0.09165120593692022,0.41235392320534223
368e0fcccc64b410342fa97219042791,2016-02-16 05:00:00,7017,2773,626,240,647.4035,0.22574828705373241,0.08654886404615939,0.38338658146964856
368e0fcccc64b410342fa97219042791,2016-02-16 10:00:00,25049,5108,1387,441,1215.9803,0.27153484729835552,0.08633516053249804,0.31795241528478731
368e0fcccc64b410342fa97219042791,2016-02-16 11:00:00,26908,5411,1508,469,1187.5575,0.27869155424136019,0.08667529107373868,0.31100795755968169
368e0fcccc64b410342fa97219042791,2016-02-16 18:00:00,25627,7558,1860,368,1298.5827,0.24609685101878803,0.04869012966393225,0.19784946236559139
368e0fcccc64b410342fa97219042791,2016-02-17 13:00:00,25238,8367,2056,547,1674.3694,0.24572726186207720,0.06537588143898649,0.26605058365758754
368e0fcccc64b410342fa97219042791,2016-02-18 17:00:00,22325,8291,1777,481,1406.4672,0.21432879025449282,0.05801471475093474,0.27068092290377039
368e0fcccc64b410342fa97219042791,2016-02-19 02:00:00,7586,3096,765,196,627.3784,0.24709302325581395,0.06330749354005167,0.25620915032679738
368e0fcccc64b410342fa97219042791,2016-02-19 22:00:00,16404,7232,1586,460,1233.9438,0.21930309734513274,0.06360619469026548,0.29003783102143757
368e0fcccc64b410342fa97219042791,2016-02-20 00:00:00,11357,4582,1182,353,922.5908,0.25796595373199476,0.07704059362723701,0.29864636209813874
368e0fcccc64b410342fa97219042791,2016-02-09 04:00:00,5,0,0,0,0.0000,0.00000000000000000,0.00000000000000000,0.00000000000000000
368e0fcccc64b410342fa97219042791,2016-02-01 02:00:00,10227,6404,3536,1039,3284.8995,0.55215490318550905,0.16224234853216739,0.29383484162895927
368e0fcccc64b410342fa97219042791,2016-02-01 04:00:00,7886,5237,2242,58,90.1455,0.42810769524536948,0.01107504296352873,0.02586975914362176
368e0fcccc64b410342fa97219042791,2016-02-01 06:00:00,10485,6598,2996,64,58.8475,0.45407699302819036,0.00969990906335253,0.02136181575433911
368e0fcccc64b410342fa97219042791,2016-02-01 17:00:00,27534,16978,5300,484,1341.7254,0.31216868889150665,0.02850748026858287,0.09132075471698113
368e0fcccc64b410342fa97219042791,2016-02-02 01:00:00,16937,10447,3270,95,283.7294,0.31300851919211256,0.00909351967071886,0.02905198776758409
368e0fcccc64b410342fa97219042791,2016-02-02 05:00:00,7591,4415,1378,27,87.0971,0.31211778029445073,0.00611551528878822,0.01959361393323657
368e0fcccc64b410342fa97219042791,2016-02-02 10:00:00,26535,13428,4365,531,1492.3105,0.32506702412868632,0.03954423592493297,0.12164948453608247
368e0fcccc64b410342fa97219042791,2016-02-02 11:00:00,27718,13776,4918,437,1327.4602,0.35699767711962833,0.03172183507549361,0.08885725904839365
368e0fcccc64b410342fa97219042791,2016-02-02 23:00:00,22133,15201,6729,419,1445.2074,0.44266824551016380,0.02756397605420696,0.06226779610640511
368e0fcccc64b410342fa97219042791,2016-02-04 12:00:00,20157,11925,5278,366,1177.9756,0.44259958071278825,0.03069182389937106,0.06934444865479348
368e0fcccc64b410342fa97219042791,2016-02-04 16:00:00,21061,13673,5732,358,1108.1816,0.41922036129598478,0.02618298837124259,0.06245638520586182
368e0fcccc64b410342fa97219042791,2016-02-04 18:00:00,21402,14383,6089,452,1456.6774,0.42334700688312591,0.03142598901480914,0.07423222203974380
368e0fcccc64b410342fa97219042791,2016-02-06 22:00:00,21561,15219,6650,686,1717.1628,0.43695380774032459,0.04507523490373874,0.10315789473684210
368e0fcccc64b410342fa97219042791,2016-02-09 12:00:00,30816,16499,6325,874,2684.3059,0.38335656706467058,0.05297290744893629,0.13818181818181818
368e0fcccc64b410342fa97219042791,2016-02-10 06:00:00,7024,4473,2706,2036,5227.6639,0.60496311200536552,0.45517549742901855,0.75240206947524020
368e0fcccc64b410342fa97219042791,2016-02-10 08:00:00,12463,6974,2548,529,1325.0733,0.36535704043590478,0.07585316891310582,0.20761381475667189
368e0fcccc64b410342fa97219042791,2016-02-10 13:00:00,23727,12585,4413,1034,3582.0154,0.35065554231227651,0.08216130313865713,0.23430772716972581
368e0fcccc64b410342fa97219042791,2016-02-11 08:00:00,26156,12665,4895,1364,4317.8043,0.38649822345045400,0.10769838136596920,0.27865168539325842
368e0fcccc64b410342fa97219042791,2016-02-13 07:00:00,7844,4927,1843,375,1075.7679,0.37406129490562208,0.07611122386847980,0.20347259902333152
368e0fcccc64b410342fa97219042791,2016-02-13 08:00:00,12610,7586,2874,616,1788.8783,0.37885578697600843,0.08120221460585288,0.21433542101600556
368e0fcccc64b410342fa97219042791,2016-02-15 17:00:00,15982,7340,2184,663,1911.2108,0.29754768392370572,0.09032697547683923,0.30357142857142857
368e0fcccc64b410342fa97219042791,2016-02-15 19:00:00,29397,10287,3246,1135,3438.0803,0.31554389034703995,0.11033343054340429,0.34966112138016019
368e0fcccc64b410342fa97219042791,2016-02-17 04:00:00,5943,2842,649,131,393.9621,0.22836030964109781,0.04609429978888106,0.20184899845916795
368e0fcccc64b410342fa97219042791,2016-02-18 07:00:00,11581,4600,1155,241,702.6934,0.25108695652173913,0.05239130434782608,0.20865800865800865
368e0fcccc64b410342fa97219042791,2016-02-19 00:00:00,16837,6645,1620,487,1398.4924,0.24379232505643340,0.07328818660647103,0.30061728395061728
368e0fcccc64b410342fa97219042791,2016-02-19 09:00:00,16654,4775,1051,302,873.1435,0.22010471204188481,0.06324607329842931,0.28734538534728829
368e0fcccc64b410342fa97219042791,2016-02-19 14:00:00,17793,5026,1193,376,803.4877,0.23736569836848388,0.07481098288897731,0.31517183570829840
368e0fcccc64b410342fa97219042791,2016-02-20 03:00:00,5285,2295,493,128,318.1097,0.21481481481481481,0.05577342047930283,0.25963488843813387
368e0fcccc64b410342fa97219042791,2016-02-20 06:00:00,6714,2978,640,155,463.7919,0.21490933512424445,0.05204835460040295,0.24218750000000000
368e0fcccc64b410342fa97219042791,2016-02-20 07:00:00,9061,3542,683,178,561.4649,0.19282891022021456,0.05025409373235460,0.26061493411420204
368e0fcccc64b410342fa97219042791,2016-02-08 17:00:00,7,1,1,0,0.0000,1.00000000000000000,0.00000000000000000,0.00000000000000000
368e0fcccc64b410342fa97219042791,2016-01-31 00:00:00,19207,12164,7739,3388,10699.1760,0.63622163761920420,0.27852680039460703,0.43778265925830210
368e0fcccc64b410342fa97219042791,2016-02-01 03:00:00,10366,6462,2715,71,117.0487,0.42014856081708449,0.01098731043020736,0.02615101289134438
368e0fcccc64b410342fa97219042791,2016-02-01 10:00:00,23355,11160,5607,650,1229.7304,0.50241935483870967,0.05824372759856630,0.11592652042090244
368e0fcccc64b410342fa97219042791,2016-02-01 16:00:00,32987,18559,8747,750,1597.2428,0.47130772132119187,0.04041166011099735,0.08574368354864524
368e0fcccc64b410342fa97219042791,2016-02-01 22:00:00,42385,28519,7711,177,536.0126,0.27038114940916581,0.00620638872330726,0.02295422124238101
368e0fcccc64b410342fa97219042791,2016-02-04 21:00:00,24388,17520,7426,590,1838.6413,0.42385844748858447,0.03367579908675799,0.07945057904659305
368e0fcccc64b410342fa97219042791,2016-02-05 07:00:00,9724,6076,2308,192,606.7276,0.37985516787360105,0.03159973666886109,0.08318890814558058
368e0fcccc64b410342fa97219042791,2016-02-05 17:00:00,23047,15432,7741,632,1679.6024,0.50162001036806635,0.04095386210471747,0.08164319855315850
368e0fcccc64b410342fa97219042791,2016-02-06 21:00:00,21394,14727,6590,660,1727.1736,0.44747742242140286,0.04481564473416174,0.10015174506828528
368e0fcccc64b410342fa97219042791,2016-02-07 11:00:00,2112,1207,635,54,181.7378,0.52609776304888152,0.04473902236951118,0.08503937007874015
368e0fcccc64b410342fa97219042791,2016-02-08 00:00:00,13,1,0,0,0.0000,0.00000000000000000,0.00000000000000000,0.00000000000000000
368e0fcccc64b410342fa97219042791,2016-02-08 04:00:00,10,1,0,0,0.0000,0.00000000000000000,0.00000000000000000,0.00000000000000000
368e0fcccc64b410342fa97219042791,2016-02-09 15:00:00,28339,16746,6093,835,2474.1446,0.36384808312432819,0.04986265376806401,0.13704250779583128
368e0fcccc64b410342fa97219042791,2016-02-09 18:00:00,22880,14782,5468,606,1716.8626,0.36990934920849682,0.04099580570964686,0.11082662765179224
368e0fcccc64b410342fa97219042791,2016-02-10 00:00:00,14660,9569,4900,3045,7870.6485,0.51207022677395757,0.31821506949524506,0.62142857142857142
368e0fcccc64b410342fa97219042791,2016-02-10 18:00:00,19915,13421,4599,833,2850.0382,0.34267193204679234,0.06206691006631398,0.18112633181126331
368e0fcccc64b410342fa97219042791,2016-02-10 22:00:00,23632,17348,5535,1201,3811.0904,0.31905695181000691,0.06922988240719391,0.21698283649503161
368e0fcccc64b410342fa97219042791,2016-02-11 04:00:00,6385,4280,1308,311,952.8394,0.30560747663551401,0.07266355140186915,0.23776758409785932
368e0fcccc64b410342fa97219042791,2016-02-11 13:00:00,22658,13702,5328,1824,4981.3053,0.38884834330754634,0.13311925266384469,0.34234234234234234
368e0fcccc64b410342fa97219042791,2016-02-12 06:00:00,8289,5011,2099,459,1416.5484,0.41887846737178207,0.09159848333665934,0.21867555979037636
368e0fcccc64b410342fa97219042791,2016-02-13 17:00:00,21140,13720,4390,1113,3365.0447,0.31997084548104956,0.08112244897959183,0.25353075170842824
368e0fcccc64b410342fa97219042791,2016-02-14 03:00:00,7208,4848,1962,544,1484.7362,0.40470297029702970,0.11221122112211221,0.27726809378185524
368e0fcccc64b410342fa97219042791,2016-02-15 03:00:00,9194,5743,2341,469,1422.8048,0.40762667595333449,0.08166463520807940,0.20034173430158052
368e0fcccc64b410342fa97219042791,2016-02-15 04:00:00,8015,5309,2085,312,1027.5754,0.39272932755697871,0.05876812959126012,0.14964028776978417
368e0fcccc64b410342fa97219042791,2016-02-15 06:00:00,10363,6283,2479,510,1537.0126,0.39455674041063186,0.08117141492917396,0.20572811617587736
368e0fcccc64b410342fa97219042791,2016-02-15 12:00:00,32233,15506,5865,1403,4067.1355,0.37824068102669934,0.09048110408873984,0.23921568627450980
368e0fcccc64b410342fa97219042791,2016-02-15 23:00:00,34180,11899,2916,1079,2935.7559,0.24506261030338683,0.09067988906630809,0.37002743484224965
368e0fcccc64b410342fa97219042791,2016-02-16 07:00:00,13703,3826,857,293,754.6886,0.22399372713016204,0.07658128593831677,0.34189031505250875
368e0fcccc64b410342fa97219042791,2016-02-16 13:00:00,28891,5410,1632,521,1217.4487,0.30166358595194085,0.09630314232902033,0.31924019607843137
368e0fcccc64b410342fa97219042791,2016-02-16 17:00:00,26041,6903,1835,426,1132.7860,0.26582645226713023,0.06171229900043459,0.23215258855585831
368e0fcccc64b410342fa97219042791,2016-02-17 18:00:00,21766,9318,2389,502,1552.3560,0.25638549044859411,0.05387422193603777,0.21012976140644621
368e0fcccc64b410342fa97219042791,2016-02-18 05:00:00,6414,3272,1010,168,582.8240,0.30867970660146699,0.05134474327628361,0.16633663366336633
368e0fcccc64b410342fa97219042791,2016-02-18 11:00:00,25301,7167,1862,454,1265.2807,0.25980186968047997,0.06334589088879586,0.24382384532760472
368e0fcccc64b410342fa97219042791,2016-02-18 13:00:00,26095,7922,2001,525,1581.1875,0.25258773037111840,0.06627114365059328,0.26236881559220389
368e0fcccc64b410342fa97219042791,2016-02-19 04:00:00,5930,2769,601,162,526.1916,0.21704586493318887,0.05850487540628385,0.26955074875207986
368e0fcccc64b410342fa97219042791,2016-02-20 21:00:00,20577,9944,2169,510,1566.4343,0.21812148028962188,0.05128720836685438,0.23513139695712309
368e0fcccc64b410342fa97219042791,2016-02-08 12:00:00,20,5,3,0,0.0000,0.60000000000000000,0.00000000000000000,0.00000000000000000
368e0fcccc64b410342fa97219042791,2016-01-31 09:00:00,20091,12031,5347,134,79.1836,0.44443520904330479,0.01113789377441609,0.02506078174677389
368e0fcccc64b410342fa97219042791,2016-02-01 08:00:00,21672,10601,4994,282,148.5709,0.47108763324214696,0.02660126403169512,0.05646776131357629
368e0fcccc64b410342fa97219042791,2016-02-02 03:00:00,8188,4752,1591,49,170.4105,0.33480639730639730,0.01031144781144781,0.03079824010056568
368e0fcccc64b410342fa97219042791,2016-02-02 14:00:00,28474,15569,6479,406,1270.4123,0.41614747254158905,0.02607746162245487,0.06266399135669084
368e0fcccc64b410342fa97219042791,2016-02-02 16:00:00,26249,14640,6522,713,1908.7384,0.44549180327868852,0.04870218579234972,0.10932229377491567
368e0fcccc64b410342fa97219042791,2016-02-03 00:00:00,15101,9578,4522,478,1389.8670,0.47212361662142409,0.04990603466276884,0.10570544007076514
368e0fcccc64b410342fa97219042791,2016-02-03 12:00:00,21816,11467,4834,313,971.4633,0.42155751286299816,0.02729571814772826,0.06474968969797269
368e0fcccc64b410342fa97219042791,2016-02-03 18:00:00,20639,13132,5577,448,1322.2092,0.42468778556198598,0.03411513859275053,0.08032992648377263
368e0fcccc64b410342fa97219042791,2016-02-04 08:00:00,12625,6519,2702,234,728.5821,0.41448074858107071,0.03589507593189139,0.08660251665433012
368e0fcccc64b410342fa97219042791,2016-02-04 13:00:00,20366,12290,5263,388,1177.4261,0.42823433685923515,0.03157038242473555,0.07372221166634999
368e0fcccc64b410342fa97219042791,2016-02-05 03:00:00,7565,5123,2182,95,295.7227,0.42592231114581300,0.01854382197930899,0.04353803849679193
368e0fcccc64b410342fa97219042791,2016-02-05 12:00:00,21128,12832,6114,542,1816.1475,0.47646508728179551,0.04223815461346633,0.08864900228982662
368e0fcccc64b410342fa97219042791,2016-02-05 15:00:00,28113,17972,9542,788,2125.1878,0.53093701313153794,0.04384598263966169,0.08258226786837141
368e0fcccc64b410342fa97219042791,2016-02-06 09:00:00,14473,8994,3973,367,1007.2664,0.44173893706915721,0.04080498109851011,0.09237352126856279
368e0fcccc64b410342fa97219042791,2016-02-06 11:00:00,18310,10921,4938,425,1140.3558,0.45215639593443823,0.03891585019686841,0.08606723369785338
368e0fcccc64b410342fa97219042791,2016-02-06 15:00:00,19657,12294,5384,550,1425.1612,0.43793720514071904,0.04473727021311208,0.10215453194650817
368e0fcccc64b410342fa97219042791,2016-02-06 16:00:00,19789,12793,5667,524,1383.0741,0.44297662784335183,0.04095989994528257,0.09246514910887594
368e0fcccc64b410342fa97219042791,2016-02-07 06:00:00,7267,4912,1383,124,350.8611,0.28155537459283387,0.02524429967426710,0.08966015907447577
368e0fcccc64b410342fa97219042791,2016-02-07 13:00:00,26,3,3,0,0.0000,1.00000000000000000,0.00000000000000000,0.00000000000000000
368e0fcccc64b410342fa97219042791,2016-02-07 21:00:00,19,0,0,0,0.0000,0.00000000000000000,0.00000000000000000,0.00000000000000000
368e0fcccc64b410342fa97219042791,2016-02-07 23:00:00,15,0,1,0,0.0000,0.00000000000000000,0.00000000000000000,0.00000000000000000
368e0fcccc64b410342fa97219042791,2016-02-08 07:00:00,15,3,2,0,0.0000,0.66666666666666666,0.00000000000000000,0.00000000000000000
368e0fcccc64b410342fa97219042791,2016-02-09 09:00:00,24082,12922,9379,3301,8668.9981,0.72581643708404271,0.25545581179383996,0.35195649856061413
368e0fcccc64b410342fa97219042791,2016-02-09 10:00:00,28631,14565,9397,1998,5217.2094,0.64517679368348781,0.13717816683831101,0.21262104927104395
368e0fcccc64b410342fa97219042791,2016-02-09 22:00:00,23244,17112,5361,655,1986.0230,0.31328892005610098,0.03827723235156615,0.12217869800410371
368e0fcccc64b410342fa97219042791,2016-02-11 18:00:00,19517,12997,4152,901,2864.9059,0.31945833653920135,0.06932369008232669,0.21700385356454720
368e0fcccc64b410342fa97219042791,2016-02-12 02:00:00,8366,5357,2381,700,1888.2001,0.44446518573828635,0.13067015120403210,0.29399412011759764
368e0fcccc64b410342fa97219042791,2016-02-13 18:00:00,19113,12754,4060,878,2730.9088,0.31833150384193194,0.06884114787517641,0.21625615763546798
368e0fcccc64b410342fa97219042791,2016-02-13 22:00:00,21287,14551,4629,1127,3728.4991,0.31812246580990997,0.07745172153116624,0.24346511125513069
368e0fcccc64b410342fa97219042791,2016-02-14 14:00:00,22255,13209,3959,1031,3058.4223,0.29971988795518207,0.07805284275872511,0.26041929780247537
368e0fcccc64b410342fa97219042791,2016-02-14 16:00:00,24097,14762,4231,1145,3425.8505,0.28661427990787156,0.07756401571602763,0.27062160245804774
368e0fcccc64b410342fa97219042791,2016-02-15 21:00:00,32633,12589,3115,1179,3262.4155,0.24743823973310032,0.09365318929223925,0.37849117174959871
368e0fcccc64b410342fa97219042791,2016-02-16 04:00:00,7008,2694,650,238,567.3122,0.24127691165553080,0.08834446919079435,0.36615384615384615
368e0fcccc64b410342fa97219042791,2016-02-16 15:00:00,30140,6421,1783,589,1632.4586,0.27768260395577012,0.09173026008409904,0.33034212002243409
368e0fcccc64b410342fa97219042791,2016-02-16 20:00:00,29400,11631,2582,680,2086.6474,0.22199294987533316,0.05846444845671051,0.26336173508907823
368e0fcccc64b410342fa97219042791,2016-02-17 07:00:00,11348,4409,1020,219,608.7557,0.23134497618507598,0.04967112723973690,0.21470588235294117
368e0fcccc64b410342fa97219042791,2016-02-17 09:00:00,18916,6322,1514,420,1195.4456,0.23948117684277127,0.06643467257197089,0.27741083223249669
368e0fcccc64b410342fa97219042791,2016-02-17 11:00:00,23533,7421,1979,550,1485.2169,0.26667565018191618,0.07411400080851637,0.27791814047498736
368e0fcccc64b410342fa97219042791,2016-02-17 16:00:00,24238,9201,2320,534,1790.9772,0.25214650581458537,0.05803716987283990,0.23017241379310344
368e0fcccc64b410342fa97219042791,2016-02-17 19:00:00,23394,9985,2895,757,2784.6114,0.28993490235353029,0.07581372058087130,0.26148531951640759
368e0fcccc64b410342fa97219042791,2016-02-17 20:00:00,26464,11730,2639,646,2112.6078,0.22497868712702472,0.05507246376811594,0.24478969306555513
368e0fcccc64b410342fa97219042791,2016-02-17 21:00:00,29594,13883,2809,747,2234.8430,0.20233378952675934,0.05380681408917380,0.26593093627625489
368e0fcccc64b410342fa97219042791,2016-02-18 12:00:00,27043,7685,2220,481,1447.6785,0.28887443070917371,0.06258945998698763,0.21666666666666666
368e0fcccc64b410342fa97219042791,2016-02-18 19:00:00,24614,9076,2438,653,2227.2750,0.26862053768179814,0.07194799471132657,0.26784249384741591
368e0fcccc64b410342fa97219042791,2016-02-19 19:00:00,13928,5104,1351,437,1304.4104,0.26469435736677115,0.08561912225705329,0.32346410066617320
368e0fcccc64b410342fa97219042791,2016-02-20 20:00:00,18842,8000,1829,456,1546.4331,0.22862500000000000,0.05700000000000000,0.24931656642974302
368e0fcccc64b410342fa97219042791,2016-02-21 00:00:00,14527,6473,1744,470,1348.2122,0.26942684999227560,0.07260930016993665,0.26949541284403669
368e0fcccc64b410342fa97219042791,2016-02-21 02:00:00,8758,4323,1082,274,827.6448,0.25028915105250983,0.06338191071015498,0.25323475046210720
368e0fcccc64b410342fa97219042791,2016-01-31 06:00:00,11058,7567,3067,163,221.3241,0.40531254129774018,0.02154090128188185,0.05314639713074665
368e0fcccc64b410342fa97219042791,2016-01-31 08:00:00,16184,9562,4297,121,109.8866,0.44938297427316460,0.01265425643170884,0.02815918082383057
368e0fcccc64b410342fa97219042791,2016-01-31 13:00:00,24864,14411,6178,188,127.4354,0.42870029838317951,0.01304559017417250,0.03043056005179669
368e0fcccc64b410342fa97219042791,2016-01-31 15:00:00,27303,15594,6783,215,155.3979,0.43497499038091573,0.01378735411055534,0.03169688928202860
368e0fcccc64b410342fa97219042791,2016-01-31 23:00:00,34108,22574,10463,300,300.0794,0.46349782936121201,0.01328962523256844,0.02867246487623052
368e0fcccc64b410342fa97219042791,2016-02-01 11:00:00,35801,16882,8093,759,1637.6893,0.47938632863404809,0.04495912806539509,0.09378475225503521
368e0fcccc64b410342fa97219042791,2016-02-02 00:00:00,21978,13268,4255,307,888.2711,0.32069641242086222,0.02313837805245703,0.07215041128084606
368e0fcccc64b410342fa97219042791,2016-02-04 01:00:00,10629,6429,2704,289,852.8857,0.42059418261004821,0.04495255871830766,0.10687869822485207
368e0fcccc64b410342fa97219042791,2016-02-04 03:00:00,5978,3614,1510,115,331.1243,0.41781959048146098,0.03182069728832318,0.07615894039735099
368e0fcccc64b410342fa97219042791,2016-02-04 05:00:00,5939,3659,1415,95,239.7840,0.38671768242689259,0.02596337797212353,0.06713780918727915
368e0fcccc64b410342fa97219042791,2016-02-05 01:00:00,11733,7926,3391,264,850.3525,0.42783245016401715,0.03330809992429977,0.07785314066647006
368e0fcccc64b410342fa97219042791,2016-02-05 18:00:00,19577,13263,6509,568,1459.0144,0.49076377893387619,0.04282590665761893,0.08726378860039944
368e0fcccc64b410342fa97219042791,2016-02-06 00:00:00,14599,9471,5399,414,1185.0535,0.57005596029986273,0.04371238517579980,0.07668086682719022
368e0fcccc64b410342fa97219042791,2016-02-06 04:00:00,5462,3693,1556,126,363.6526,0.42133766585431898,0.03411860276198212,0.08097686375321336
368e0fcccc64b410342fa97219042791,2016-02-06 12:00:00,20090,12026,5426,549,1425.6916,0.45118909030434059,0.04565108930650257,0.10117950608182823
368e0fcccc64b410342fa97219042791,2016-02-07 01:00:00,12132,8233,4123,407,1036.4999,0.50078950564800194,0.04943519980566014,0.09871452825612418
368e0fcccc64b410342fa97219042791,2016-02-07 09:00:00,15417,9169,2731,308,857.5951,0.29785145599301995,0.03359144944923110,0.11277920175759794
368e0fcccc64b410342fa97219042791,2016-02-08 14:00:00,9,1,0,0,0.0000,0.00000000000000000,0.00000000000000000,0.00000000000000000
368e0fcccc64b410342fa97219042791,2016-02-11 09:00:00,25365,13676,5360,1407,4141.9050,0.39192746417081017,0.10288095934483767,0.26250000000000000
368e0fcccc64b410342fa97219042791,2016-02-11 10:00:00,24377,14478,5513,1333,4126.4820,0.38078463876225998,0.09207072800110512,0.24179212769816796
368e0fcccc64b410342fa97219042791,2016-02-11 22:00:00,20758,14978,4557,1237,3728.8887,0.30424622780077446,0.08258779543330217,0.27145051569014702
368e0fcccc64b410342fa97219042791,2016-02-11 23:00:00,19460,13946,4475,1164,3716.8972,0.32088053922271619,0.08346479277212103,0.26011173184357541
368e0fcccc64b410342fa97219042791,2016-02-13 15:00:00,20340,12684,4312,1091,3117.1398,0.33995584988962472,0.08601387574897508,0.25301484230055658
368e0fcccc64b410342fa97219042791,2016-02-13 21:00:00,20049,13367,4225,1019,3585.6163,0.31607690581282262,0.07623251290491508,0.24118343195266272
368e0fcccc64b410342fa97219042791,2016-02-14 00:00:00,16069,10324,3970,1121,3225.5569,0.38454087562960092,0.10858194498256489,0.28236775818639798
368e0fcccc64b410342fa97219042791,2016-02-14 08:00:00,13424,8098,2779,609,1734.5396,0.34317115337120276,0.07520375401333662,0.21914357682619647
368e0fcccc64b410342fa97219042791,2016-02-14 15:00:00,23377,14178,4070,1097,3135.6476,0.28706446607419946,0.07737339540132599,0.26953316953316953
368e0fcccc64b410342fa97219042791,2016-02-14 22:00:00,32151,20621,6553,1832,5441.3590,0.31778284273313612,0.08884147228553416,0.27956661071265069
368e0fcccc64b410342fa97219042791,2016-02-15 08:00:00,21624,10319,4266,837,2477.3916,0.41341215234034305,0.08111251090221920,0.19620253164556962
368e0fcccc64b410342fa97219042791,2016-02-15 13:00:00,33394,16403,6222,1625,4462.4524,0.37932085594098640,0.09906724379686642,0.26117004178720668
368e0fcccc64b410342fa97219042791,2016-02-16 06:00:00,9252,3099,703,292,710.4453,0.22684737011939335,0.09422394320748628,0.41536273115220483
368e0fcccc64b410342fa97219042791,2016-02-16 12:00:00,31103,5561,1678,522,1387.9184,0.30174429059521668,0.09386800935083618,0.31108462455303933
368e0fcccc64b410342fa97219042791,2016-02-16 16:00:00,29279,7044,2023,680,1657.6906,0.28719477569562748,0.09653605905735377,0.33613445378151260
368e0fcccc64b410342fa97219042791,2016-02-16 19:00:00,28022,9931,2848,722,2218.4983,0.28677877353740811,0.07270164132514349,0.25351123595505617
368e0fcccc64b410342fa97219042791,2016-02-17 00:00:00,18379,7626,1979,630,1871.6981,0.25950694990820875,0.08261211644374508,0.31834259727134916
368e0fcccc64b410342fa97219042791,2016-02-17 23:00:00,5619,2780,604,149,514.5251,0.21726618705035971,0.05359712230215827,0.24668874172185430
368e0fcccc64b410342fa97219042791,2016-02-18 14:00:00,26557,8416,1986,531,1670.8445,0.23597908745247148,0.06309410646387832,0.26737160120845921
368e0fcccc64b410342fa97219042791,2016-02-18 16:00:00,25573,8767,1870,487,1428.2507,0.21329987452948557,0.05554921866088741,0.26042780748663101
368e0fcccc64b410342fa97219042791,2016-02-19 17:00:00,15859,5404,1230,357,826.1978,0.22760917838638045,0.06606217616580310,0.29024390243902439
368e0fcccc64b410342fa97219042791,2016-02-19 18:00:00,14896,5519,1164,307,773.9980,0.21090777314730929,0.05562601920637796,0.26374570446735395
368e0fcccc64b410342fa97219042791,2016-02-20 11:00:00,15599,5586,1059,283,635.0981,0.18958109559613319,0.05066237021124239,0.26723323890462700
368e0fcccc64b410342fa97219042791,2016-02-20 16:00:00,16421,6259,1339,326,915.6582,0.21393193800926665,0.05208499760345103,0.24346527259148618
368e0fcccc64b410342fa97219042791,2016-02-20 17:00:00,15195,5813,1136,283,817.4870,0.19542404954412523,0.04868398417340443,0.24911971830985915
368e0fcccc64b410342fa97219042791,2016-02-09 02:00:00,4,0,0,0,0.0000,0.00000000000000000,0.00000000000000000,0.00000000000000000
368e0fcccc64b410342fa97219042791,2016-02-08 18:00:00,11,0,1,0,0.0000,0.00000000000000000,0.00000000000000000,0.00000000000000000
368e0fcccc64b410342fa97219042791,2016-01-31 12:00:00,23638,13764,5907,150,60.5971,0.42916303400174367,0.01089799476896251,0.02539360081259522
368e0fcccc64b410342fa97219042791,2016-02-01 01:00:00,12538,7712,4810,2096,6732.8621,0.62370331950207468,0.27178423236514522,0.43575883575883575
368e0fcccc64b410342fa97219042791,2016-02-01 19:00:00,26543,15876,4890,302,951.3164,0.30801209372637944,0.01902242378432854,0.06175869120654396
368e0fcccc64b410342fa97219042791,2016-02-02 04:00:00,7060,4192,1387,55,147.0449,0.33086832061068702,0.01312022900763358,0.03965392934390771
368e0fcccc64b410342fa97219042791,2016-02-02 09:00:00,23990,11860,3796,378,1033.4389,0.32006745362563237,0.03187183811129848,0.09957850368809272
368e0fcccc64b410342fa97219042791,2016-02-02 21:00:00,27031,18352,8208,503,1688.1991,0.44725370531822144,0.02740845684394071,0.06128167641325536
368e0fcccc64b410342fa97219042791,2016-02-04 02:00:00,8088,4906,2066,181,551.2856,0.42111699959233591,0.03689359967386873,0.08760890609874152
368e0fcccc64b410342fa97219042791,2016-02-05 00:00:00,16122,11168,5056,399,1382.6443,0.45272206303724928,0.03572707736389684,0.07891613924050632
368e0fcccc64b410342fa97219042791,2016-02-05 04:00:00,6980,4829,1698,80,281.5147,0.35162559536135845,0.01656657693104162,0.04711425206124852
368e0fcccc64b410342fa97219042791,2016-02-05 06:00:00,7706,5220,1998,127,424.0974,0.38275862068965517,0.02432950191570881,0.06356356356356356
368e0fcccc64b410342fa97219042791,2016-02-05 09:00:00,23188,12995,5573,533,1748.6016,0.42885725278953443,0.04101577529819161,0.09563969136910102
368e0fcccc64b410342fa97219042791,2016-02-05 16:00:00,26700,17521,8752,729,1867.1758,0.49951486787283830,0.04160721420010273,0.08329524680073126
368e0fcccc64b410342fa97219042791,2016-02-05 20:00:00,20456,13876,7084,796,2030.4145,0.51052176419717497,0.05736523493802248,0.11236589497459062
368e0fcccc64b410342fa97219042791,2016-02-05 23:00:00,18192,13140,6387,570,1546.8085,0.48607305936073059,0.04337899543378995,0.08924377642085486
368e0fcccc64b410342fa97219042791,2016-02-06 10:00:00,17138,10500,4694,417,1127.1396,0.44704761904761904,0.03971428571428571,0.08883681295270558
368e0fcccc64b410342fa97219042791,2016-02-06 13:00:00,19691,12094,5335,519,1348.8183,0.44112783198280138,0.04291384157433438,0.09728209934395501
368e0fcccc64b410342fa97219042791,2016-02-07 04:00:00,6325,4446,1382,136,380.9658,0.31084120557804768,0.03058929374718848,0.09840810419681620
368e0fcccc64b410342fa97219042791,2016-02-09 20:00:00,24957,16936,5701,756,2213.9652,0.33662021728861596,0.04463863958431743,0.13260831433081915
368e0fcccc64b410342fa97219042791,2016-02-10 01:00:00,9297,5998,3232,2255,5798.7919,0.53884628209403134,0.37595865288429476,0.69771039603960396
368e0fcccc64b410342fa97219042791,2016-02-10 10:00:00,19181,10482,4236,669,1769.2134,0.40412135088723526,0.06382369776760160,0.15793201133144475
368e0fcccc64b410342fa97219042791,2016-02-10 19:00:00,21582,14385,5559,1419,4920.1121,0.38644421272158498,0.09864442127215849,0.25526173772261198
368e0fcccc64b410342fa97219042791,2016-02-10 23:00:00,21479,15569,5204,1129,3588.2251,0.33425396621491425,0.07251589697475753,0.21694850115295926
368e0fcccc64b410342fa97219042791,2016-02-11 05:00:00,7436,4915,1476,335,1085.2627,0.30030518819938962,0.06815869786368260,0.22696476964769647
368e0fcccc64b410342fa97219042791,2016-02-12 03:00:00,5783,3591,1659,546,1508.6147,0.46198830409356725,0.15204678362573099,0.32911392405063291
368e0fcccc64b410342fa97219042791,2016-02-12 15:00:00,21143,12987,5298,1270,3604.5261,0.40794640794640794,0.09779009779009779,0.23971309928274820
368e0fcccc64b410342fa97219042791,2016-02-12 19:00:00,15930,10306,4231,1241,4237.3192,0.41053755094119930,0.12041529206287599,0.29331127393051288
368e0fcccc64b410342fa97219042791,2016-02-14 04:00:00,7294,5155,1893,409,1318.1937,0.36721629485935984,0.07934044616876818,0.21605916534601162
368e0fcccc64b410342fa97219042791,2016-02-14 21:00:00,31932,19506,6343,1772,5460.2718,0.32518199528350251,0.09084384292012714,0.27936307740816648
368e0fcccc64b410342fa97219042791,2016-02-15 02:00:00,11981,7525,2918,627,1936.5460,0.38777408637873754,0.08332225913621262,0.21487320082248115
368e0fcccc64b410342fa97219042791,2016-02-15 15:00:00,30115,16326,5236,1544,4280.4901,0.32071542325125566,0.09457307362489280,0.29488158899923605
368e0fcccc64b410342fa97219042791,2016-02-15 16:00:00,30991,14883,4529,1390,3790.8150,0.30430692736679432,0.09339514882752133,0.30691101788474276
368e0fcccc64b410342fa97219042791,2016-02-16 00:00:00,24366,6401,1810,776,2014.2595,0.28276831745039837,0.12123105764724261,0.42872928176795580
368e0fcccc64b410342fa97219042791,2016-02-16 14:00:00,29094,5681,1600,519,1264.2275,0.28164055624009857,0.09135715543038197,0.32437500000000000
368e0fcccc64b410342fa97219042791,2016-02-17 03:00:00,6771,2973,729,182,476.3970,0.24520686175580221,0.06121762529431550,0.24965706447187928
368e0fcccc64b410342fa97219042791,2016-02-17 17:00:00,22804,9358,2559,513,1620.3000,0.27345586663817054,0.05481940585595212,0.20046893317702227
368e0fcccc64b410342fa97219042791,2016-02-18 00:00:00,119,1,1,0,0.0000,1.00000000000000000,0.00000000000000000,0.00000000000000000
368e0fcccc64b410342fa97219042791,2016-02-18 08:00:00,18984,6080,1572,375,1111.7322,0.25855263157894736,0.06167763157894736,0.23854961832061068
368e0fcccc64b410342fa97219042791,2016-02-18 21:00:00,24030,9784,2096,517,1616.6332,0.21422730989370400,0.05284137367130008,0.24666030534351145
368e0fcccc64b410342fa97219042791,2016-02-18 23:00:00,22888,10393,2058,580,1797.5346,0.19801789666121427,0.05580679303377273,0.28182701652089407
368e0fcccc64b410342fa97219042791,2016-02-19 05:00:00,6368,2855,539,146,440.3554,0.18879159369527145,0.05113835376532399,0.27087198515769944
368e0fcccc64b410342fa97219042791,2016-02-20 05:00:00,5059,2395,484,112,391.5636,0.20208768267223382,0.04676409185803757,0.23140495867768595
368e0fcccc64b410342fa97219042791,2016-02-21 01:00:00,10764,4988,1490,347,1044.3250,0.29871692060946271,0.06956696070569366,0.23288590604026845
368e0fcccc64b410342fa97219042791,2016-02-21 03:00:00,8064,3817,882,203,573.7407,0.23107152213780455,0.05318312811108200,0.23015873015873015
368e0fcccc64b410342fa97219042791,2016-02-21 07:00:00,10861,4991,1336,412,1077.9954,0.26768182728912041,0.08254858745742336,0.30838323353293413
368e0fcccc64b410342fa97219042791,2016-02-09 00:00:00,12,0,0,0,0.0000,0.00000000000000000,0.00000000000000000,0.00000000000000000
368e0fcccc64b410342fa97219042791,2016-01-31 20:00:00,22616,15554,6912,239,223.1095,0.44438729587244438,0.01536582229651536,0.03457754629629629
368e0fcccc64b410342fa97219042791,2016-01-31 21:00:00,40035,25533,11813,316,273.6793,0.46265617044608937,0.01237614068068773,0.02675019046812833
368e0fcccc64b410342fa97219042791,2016-02-01 07:00:00,13632,7498,3383,96,41.7543,0.45118698319551880,0.01280341424379834,0.02837718001773573
368e0fcccc64b410342fa97219042791,2016-02-02 18:00:00,24695,14613,6368,418,1482.8179,0.43577636351194142,0.02860466707725997,0.06564070351758793
368e0fcccc64b410342fa97219042791,2016-02-03 05:00:00,6436,3945,1808,140,367.7263,0.45830164765525982,0.03548795944233206,0.07743362831858407
368e0fcccc64b410342fa97219042791,2016-02-03 11:00:00,19628,10318,4720,295,989.5537,0.45745299476642760,0.02859081217290172,0.06250000000000000
368e0fcccc64b410342fa97219042791,2016-02-03 17:00:00,21042,12677,5776,405,1326.7972,0.45562830322631537,0.03194762167705293,0.07011772853185595
368e0fcccc64b410342fa97219042791,2016-02-04 15:00:00,20943,13519,6014,387,1231.3219,0.44485538871218285,0.02862637769065759,0.06434985034918523
368e0fcccc64b410342fa97219042791,2016-02-05 21:00:00,22687,15413,7821,827,2044.4272,0.50742879387530007,0.05365600467138130,0.10574095384221966
368e0fcccc64b410342fa97219042791,2016-02-05 22:00:00,21338,15272,7537,637,1794.6828,0.49351754845468831,0.04171031953902566,0.08451638582990579
368e0fcccc64b410342fa97219042791,2016-02-06 06:00:00,7296,4923,2093,144,363.5922,0.42514726792606134,0.02925045703839122,0.06880076445293836
368e0fcccc64b410342fa97219042791,2016-02-06 19:00:00,21142,13351,6436,637,1744.5702,0.48206126881881507,0.04771178188899707,0.09897451833436917
368e0fcccc64b410342fa97219042791,2016-02-07 17:00:00,24,3,2,0,0.0000,0.66666666666666666,0.00000000000000000,0.00000000000000000
368e0fcccc64b410342fa97219042791,2016-02-07 18:00:00,35,0,1,1,3.1322,0.00000000000000000,0.00000000000000000,1.00000000000000000
368e0fcccc64b410342fa97219042791,2016-02-08 06:00:00,16,0,0,0,0.0000,0.00000000000000000,0.00000000000000000,0.00000000000000000
368e0fcccc64b410342fa97219042791,2016-02-08 11:00:00,13,2,2,0,0.0000,1.00000000000000000,0.00000000000000000,0.00000000000000000
368e0fcccc64b410342fa97219042791,2016-02-09 05:00:00,223,148,114,33,86.9900,0.77027027027027027,0.22297297297297297,0.28947368421052631
368e0fcccc64b410342fa97219042791,2016-02-09 08:00:00,16182,8733,6238,2097,5439.2757,0.71430207259819077,0.24012366884232222,0.33616543764026931
368e0fcccc64b410342fa97219042791,2016-02-09 21:00:00,24979,17779,5748,751,2282.1595,0.32330277293436076,0.04224084594184149,0.13065414057063326
368e0fcccc64b410342fa97219042791,2016-02-10 14:00:00,23335,14123,5511,1411,4209.2182,0.39021454365219854,0.09990795156836366,0.25603338776991471
368e0fcccc64b410342fa97219042791,2016-02-11 02:00:00,8804,5775,1998,441,1315.5315,0.34597402597402597,0.07636363636363636,0.22072072072072072
368e0fcccc64b410342fa97219042791,2016-02-11 16:00:00,22271,14382,5141,1164,3431.1960,0.35746071478236684,0.08093450146015853,0.22641509433962264
368e0fcccc64b410342fa97219042791,2016-02-12 10:00:00,19706,11384,4376,963,3088.1790,0.38439915671117357,0.08459241040056219,0.22006398537477148
368e0fcccc64b410342fa97219042791,2016-02-13 02:00:00,7973,5060,2212,585,1579.9915,0.43715415019762845,0.11561264822134387,0.26446654611211573
368e0fcccc64b410342fa97219042791,2016-02-13 04:00:00,5603,3791,1447,342,1031.7487,0.38169348456871537,0.09021366394091268,0.23635107118175535
368e0fcccc64b410342fa97219042791,2016-02-13 09:00:00,15286,8946,3153,677,1954.8108,0.35244802146210596,0.07567627990163201,0.21471614335553441
368e0fcccc64b410342fa97219042791,2016-02-14 12:00:00,19973,11385,3669,923,2729.3281,0.32226613965744400,0.08107158541941150,0.25156718451894249
368e0fcccc64b410342fa97219042791,2016-02-15 09:00:00,26429,12122,4592,1005,2869.6871,0.37881537700049496,0.08290711103778254,0.21885888501742160
368e0fcccc64b410342fa97219042791,2016-02-15 11:00:00,30621,14413,5922,1377,4115.3334,0.41087906750849927,0.09553874973981821,0.23252279635258358
368e0fcccc64b410342fa97219042791,2016-02-17 14:00:00,24517,8322,2164,539,1621.5672,0.26003364575823119,0.06476808459504926,0.24907578558225508
368e0fcccc64b410342fa97219042791,2016-02-18 03:00:00,6280,3141,912,171,533.5098,0.29035339063992359,0.05444126074498567,0.18750000000000000
368e0fcccc64b410342fa97219042791,2016-02-18 06:00:00,7474,3583,818,194,606.0473,0.22830030700530281,0.05414457158805470,0.23716381418092909
368e0fcccc64b410342fa97219042791,2016-02-18 10:00:00,14424,4208,1167,249,661.6513,0.27732889733840304,0.05917300380228136,0.21336760925449871
368e0fcccc64b410342fa97219042791,2016-02-18 15:00:00,26104,8554,1925,538,1691.9984,0.22504091653027823,0.06289455225625438,0.27948051948051948
368e0fcccc64b410342fa97219042791,2016-02-18 20:00:00,24703,9858,2240,609,1884.7139,0.22722661797524852,0.06177723676202069,0.27187500000000000
368e0fcccc64b410342fa97219042791,2016-02-18 22:00:00,28449,12496,2471,661,2129.4792,0.19774327784891165,0.05289692701664532,0.26750303520841764
368e0fcccc64b410342fa97219042791,2016-02-19 13:00:00,17674,4680,1060,320,688.3342,0.22649572649572649,0.06837606837606837,0.30188679245283018
368e0fcccc64b410342fa97219042791,2016-02-19 21:00:00,16685,6865,1556,464,1112.1126,0.22665695557174071,0.06758922068463219,0.29820051413881748
368e0fcccc64b410342fa97219042791,2016-02-20 08:00:00,12911,4187,813,207,501.8976,0.19417243850011941,0.04943873895390494,0.25461254612546125
368e0fcccc64b410342fa97219042791,2016-02-20 10:00:00,16182,5793,1135,304,799.2396,0.19592611772829276,0.05247712756775418,0.26784140969162995
368e0fcccc64b410342fa97219042791,2016-02-20 18:00:00,15910,6119,1264,264,775.9783,0.20656970093152475,0.04314430462493871,0.20886075949367088
368e0fcccc64b410342fa97219042791,2016-01-31 03:00:00,10763,7245,3395,184,254.2727,0.46859903381642512,0.02539682539682539,0.05419734904270986
368e0fcccc64b410342fa97219042791,2016-01-31 11:00:00,24315,14001,6203,180,126.3830,0.44303978287265195,0.01285622455538890,0.02901821699177817
368e0fcccc64b410342fa97219042791,2016-01-31 18:00:00,29658,18190,8426,223,221.2947,0.46322155030236393,0.01225948323254535,0.02646570140042724
368e0fcccc64b410342fa97219042791,2016-01-31 19:00:00,42152,24026,11724,443,528.3350,0.48797136435528177,0.01843835844501789,0.03778573865574889
368e0fcccc64b410342fa97219042791,2016-02-01 14:00:00,30498,16220,7943,745,1559.6175,0.48970406905055487,0.04593094944512946,0.09379327709933274
368e0fcccc64b410342fa97219042791,2016-02-01 18:00:00,25781,15942,4794,398,1137.1434,0.30071509220925856,0.02496549993727261,0.08302044221944096
368e0fcccc64b410342fa97219042791,2016-02-02 07:00:00,16444,8453,2622,24,43.5681,0.31018573287590204,0.00283922867620962,0.00915331807780320
368e0fcccc64b410342fa97219042791,2016-02-02 12:00:00,24866,12351,4837,371,1189.5718,0.39162820824224759,0.03003805359889887,0.07670043415340086
368e0fcccc64b410342fa97219042791,2016-02-03 19:00:00,23215,13563,6083,608,1903.4461,0.44849959448499594,0.04482784044827840,0.09995068222916324
368e0fcccc64b410342fa97219042791,2016-02-03 22:00:00,22878,15115,6416,573,1793.6730,0.42447899437644723,0.03790936156136288,0.08930798004987531
368e0fcccc64b410342fa97219042791,2016-02-04 17:00:00,21942,14887,6130,503,1489.7568,0.41176865721770672,0.03378786861019681,0.08205546492659053
368e0fcccc64b410342fa97219042791,2016-02-05 05:00:00,6167,4178,1627,96,302.1139,0.38942077549066539,0.02297750119674485,0.05900430239704978
368e0fcccc64b410342fa97219042791,2016-02-05 08:00:00,14003,8155,3397,285,941.6364,0.41655426118945432,0.03494788473329245,0.08389755666764792
368e0fcccc64b410342fa97219042791,2016-02-06 02:00:00,7288,4910,2369,196,478.1819,0.48248472505091649,0.03991853360488798,0.08273533136344449
368e0fcccc64b410342fa97219042791,2016-02-06 20:00:00,21179,13935,6365,667,1770.5871,0.45676354503049874,0.04786508790814495,0.10479183032207384
368e0fcccc64b410342fa97219042791,2016-02-07 00:00:00,13803,9382,5431,472,1355.7907,0.57887444041782136,0.05030910253677254,0.08690848830786227
368e0fcccc64b410342fa97219042791,2016-02-07 03:00:00,7416,5078,2140,179,472.1033,0.42142575817250886,0.03525009846396218,0.08364485981308411
368e0fcccc64b410342fa97219042791,2016-02-07 08:00:00,13061,7543,2133,258,767.2660,0.28277873525122630,0.03420389765345353,0.12095639943741209
368e0fcccc64b410342fa97219042791,2016-02-07 16:00:00,21,3,1,0,0.0000,0.33333333333333333,0.00000000000000000,0.00000000000000000
368e0fcccc64b410342fa97219042791,2016-02-09 13:00:00,31424,17336,6767,986,2855.0291,0.39034379326257498,0.05687586525149976,0.14570710802423525
368e0fcccc64b410342fa97219042791,2016-02-10 05:00:00,4550,3026,1742,1290,3313.8378,0.57567746199603436,0.42630535360211500,0.74052812858783008
368e0fcccc64b410342fa97219042791,2016-02-10 07:00:00,9691,5908,2953,1748,4447.3518,0.49983073798239675,0.29587000677048070,0.59194039959363359
368e0fcccc64b410342fa97219042791,2016-02-10 15:00:00,23463,14457,5501,1397,4126.6188,0.38050771252680362,0.09663138963823753,0.25395382657698600
368e0fcccc64b410342fa97219042791,2016-02-12 00:00:00,15565,10327,3794,1088,3457.9016,0.36738646267066911,0.10535489493560569,0.28676858197153400
368e0fcccc64b410342fa97219042791,2016-02-12 04:00:00,5791,3639,1575,303,957.3137,0.43281121187139323,0.08326463314097279,0.19238095238095238
368e0fcccc64b410342fa97219042791,2016-02-12 14:00:00,19570,11591,4297,1043,3063.1476,0.37071866103010956,0.08998360797170218,0.24272748429136606
368e0fcccc64b410342fa97219042791,2016-02-12 18:00:00,16458,10775,3899,899,2759.1796,0.36185614849187935,0.08343387470997679,0.23057194152346755
368e0fcccc64b410342fa97219042791,2016-02-14 01:00:00,12554,8205,3322,942,2737.2055,0.40487507617306520,0.11480804387568555,0.28356411800120409
368e0fcccc64b410342fa97219042791,2016-02-14 02:00:00,9502,6472,2798,830,2172.3249,0.43232385661310259,0.12824474660074165,0.29664045746962115
368e0fcccc64b410342fa97219042791,2016-02-15 10:00:00,29368,13442,5079,1154,3428.7837,0.37784555869662252,0.08585031989287308,0.22721008072455207
368e0fcccc64b410342fa97219042791,2016-02-15 14:00:00,32046,16736,6091,1733,4972.5189,0.36394598470363288,0.10354923518164435,0.28451814152027581
368e0fcccc64b410342fa97219042791,2016-02-15 18:00:00,27458,10421,2851,861,2302.0434,0.27358218980903943,0.08262162940216869,0.30199929849175727
368e0fcccc64b410342fa97219042791,2016-02-17 01:00:00,12689,5364,1562,430,1202.5962,0.29120059656972408,0.08016405667412378,0.27528809218950064
368e0fcccc64b410342fa97219042791,2016-02-17 08:00:00,15348,5353,1310,303,881.5395,0.24472258546609377,0.05660377358490566,0.23129770992366412
368e0fcccc64b410342fa97219042791,2016-02-17 15:00:00,24007,8582,2078,531,1537.5653,0.24213470053600559,0.06187368911675600,0.25553416746871992
368e0fcccc64b410342fa97219042791,2016-02-18 01:00:00,97,1,0,0,0.0000,0.00000000000000000,0.00000000000000000,0.00000000000000000
368e0fcccc64b410342fa97219042791,2016-02-18 18:00:00,21958,8289,1810,507,1393.3788,0.21836168415972976,0.06116539992761491,0.28011049723756906
368e0fcccc64b410342fa97219042791,2016-02-19 11:00:00,17718,4930,1084,270,821.3943,0.21987829614604462,0.05476673427991886,0.24907749077490774
368e0fcccc64b410342fa97219042791,2016-02-19 12:00:00,16439,4467,1056,284,693.4911,0.23640026863666890,0.06357734497425565,0.26893939393939393
368e0fcccc64b410342fa97219042791,2016-02-19 15:00:00,17571,5161,1252,381,801.5287,0.24258864561131563,0.07382290253826777,0.30431309904153354
368e0fcccc64b410342fa97219042791,2016-02-19 16:00:00,17063,5475,1214,369,1003.3493,0.22173515981735159,0.06739726027397260,0.30395387149917627
368e0fcccc64b410342fa97219042791,2016-02-19 23:00:00,14991,6836,1535,428,1082.0247,0.22454651843183148,0.06260971328262141,0.27882736156351791
368e0fcccc64b410342fa97219042791,2016-02-20 02:00:00,6722,2872,722,191,510.3095,0.25139275766016713,0.06650417827298050,0.26454293628808864
368e0fcccc64b410342fa97219042791,2016-02-20 04:00:00,4447,2095,447,112,292.3106,0.21336515513126491,0.05346062052505966,0.25055928411633109
368e0fcccc64b410342fa97219042791,2016-02-20 12:00:00,14802,5644,1164,296,900.9388,0.20623671155209071,0.05244507441530829,0.25429553264604810
368e0fcccc64b410342fa97219042791,2016-02-20 19:00:00,17292,6783,1626,376,1191.4107,0.23971693940734188,0.05543269939554769,0.23124231242312423
368e0fcccc64b410342fa97219042791,2016-02-20 23:00:00,18577,9606,2121,526,1590.8597,0.22079950031230480,0.05475744326462627,0.24799622819424799
368e0fcccc64b410342fa97219042791,2016-02-08 23:00:00,4,0,1,0,0.0000,0.00000000000000000,0.00000000000000000,0.00000000000000000
368e0fcccc64b410342fa97219042791,2016-02-09 01:00:00,5,0,0,0,0.0000,0.00000000000000000,0.00000000000000000,0.00000000000000000
368e0fcccc64b410342fa97219042791,2016-02-08 22:00:00,6,1,1,0,0.0000,1.00000000000000000,0.00000000000000000,0.00000000000000000
368e0fcccc64b410342fa97219042791,2016-02-09 03:00:00,2,0,0,0,0.0000,0.00000000000000000,0.00000000000000000,0.00000000000000000
